ID	T_cells	CD8_T_cells	Cytotoxic_lymphocytes	B_lineage	NK_cells	Monocytic_lineage	Myeloid_dendritic_cells	Neutrophils	Endothelial_cells	Fibroblasts
1	GSM2869369_con	5.822114	5.22905	5.22583785714286	5.87623766666667	5.791812	6.27737957142857	4.9270006	6.79747023076923	6.18582415625	7.299477375
2	GSM2869370_con	5.915237	5.201548	5.04436914285714	6.23302366666667	5.66547028571429	5.79360914285714	4.7289814	6.70891453846154	6.34764265625	7.04779525
3	GSM2869371_con	6.99374985714286	5.621219	5.55766628571429	8.45420755555556	5.98974671428571	6.59494014285714	5.3705936	6.72219515384615	6.2793738125	7.6170995
4	GSM2869372_con	6.4134935	5.716593	5.84207771428571	6.12312333333333	6.03240871428571	6.60127614285714	5.267876	6.53023376923077	6.42297075	8.7675775
5	GSM2869373_con	6.32258357142857	5.73514	5.715462	6.41638022222222	5.76162871428571	6.70701842857143	5.1176316	6.69839715384615	6.33876690625	8.28238625
6	GSM2869374_con	6.72594171428571	5.828781	5.80678057142857	7.387881	6.042706	6.305507	5.3290226	6.64424623076923	6.23778965625	7.884266625
7	GSM2869375_con	6.08242492857143	5.610591	5.74555	6.24178822222222	5.89958971428571	6.62668957142857	5.036652	6.77010907692308	6.20401059375	7.090283125
8	GSM2869376_con	6.32240992857143	5.489763	5.59995242857143	6.95392533333333	5.96879285714286	6.26039142857143	5.2405714	6.49800253846154	6.11400946875	7.5714715
9	GSM2869377_con	6.91155528571429	5.608932	5.68109242857143	7.32062111111111	5.62748642857143	7.47748771428571	5.5481498	7.48924284615385	6.82224009375	8.721159625
10	GSM2869378_con	6.39767742857143	5.596159	5.71160942857143	6.83731711111111	6.02839657142857	6.27604057142857	5.2879944	6.52958176923077	6.13187809375	7.554567625
11	GSM2869379_con	6.07154235714286	5.588509	5.67948357142857	6.24954222222222	5.985667	6.75307828571429	5.0557324	6.72630569230769	6.19687990625	7.6141645
12	GSM2869380_con	6.24423464285714	5.695503	5.791109	6.27111466666667	5.90043328571429	6.60742671428571	5.1126246	6.78739815384615	6.16430571875	7.729013375
13	GSM2869381_con	6.4339995	5.711799	5.79701928571429	6.78098633333333	6.00495571428571	6.40962242857143	5.250283	6.52562969230769	6.15189753125	7.635792625
14	GSM2869382_con	6.30919178571429	5.688793	5.68721471428571	6.46579855555556	5.85046042857143	6.92938828571429	5.2242562	6.66731753846154	6.32913334375	8.254086375
15	GSM2869383_con	6.952934	5.740816	5.74257828571429	7.79431111111111	5.68355285714286	7.65723242857143	5.7715702	7.49146338461538	6.8187295625	8.951877625
16	GSM2869384_con	6.50913835714286	5.854254	5.87403814285714	7.10065477777778	5.89777457142857	6.80391871428571	5.1567826	6.83004130769231	6.251505375	7.88600975
17	GSM2869385_con	6.31283421428571	5.633413	5.70211428571429	6.37805322222222	6.02549171428571	6.78659971428571	5.2631956	6.69437453846154	6.3752028125	8.562960375
18	GSM2869386_con	6.53586414285714	5.701941	5.73988828571429	7.06787022222222	5.81895342857143	6.86139785714286	5.3355188	6.75221146153846	6.3396023125	8.440010875
19	GSM2869387_con	6.18126014285714	5.724458	5.62402571428571	6.12395011111111	5.77602442857143	7.04830728571429	5.0453894	6.744135	6.317639875	8.3891435
20	GSM2869388_con	7.7349785	6.134471	5.74872114285714	8.729626	6.05518885714286	6.97335185714286	5.8674094	6.70177684615385	6.53044284375	8.132815125
21	GSM2869389_con	5.94638771428571	5.243043	5.13458814285714	6.00042744444444	5.687269	6.22442528571429	4.8382308	6.70836923076923	6.362763125	7.790556
22	GSM2869390_con	5.92416814285714	5.2611	5.07867828571429	5.79445711111111	5.89155228571429	6.29068471428571	4.7887902	6.70513415384615	6.21163284375	7.809989125
23	GSM2869432_con	6.50515792857143	5.569188	5.594932	6.84889877777778	5.68638914285714	6.82358728571429	5.1406066	6.69936330769231	6.445605875	8.165817
24	GSM2869433_con	6.25265371428571	5.410591	5.48469885714286	6.02504833333333	5.72609428571429	6.86305528571429	5.0983334	6.65772476923077	6.32394128125	8.045325
25	GSM2869434_con	6.26404385714286	5.206201	5.16362914285714	6.46028622222222	5.41368785714286	6.29897271428571	5.3612534	6.64310692307692	6.50794634375	8.8559215
26	GSM2869435_con	6.12985092857143	5.642674	5.618167	6.29841611111111	6.09604314285714	6.37365828571429	4.8808904	6.83513715384615	6.39196896875	7.474856125
27	GSM2869436_con	6.2425205	5.437277	5.60852614285714	6.83062377777778	6.06839771428571	6.19637828571429	5.0223808	6.75007461538462	6.20208921875	7.5674595
28	GSM2869437_con	7.11343592857143	5.949859	5.80088057142857	7.90619655555556	6.02898857142857	7.58946071428571	5.7915352	6.68253738461538	6.3910391875	8.31674625
29	GSM2869438_con	6.32975235714286	5.236533	5.31746857142857	6.87125211111111	6.035553	7.08737642857143	5.2743414	6.66085584615385	6.3738193125	7.965525375
30	GSM2869439_con	6.64547264285714	5.693369	5.56980885714286	7.56413766666667	5.79554242857143	7.08848442857143	5.5442824	6.57693923076923	6.37310190625	8.18976275
31	GSM2869440_con	6.96610571428571	5.952147	5.80764085714286	7.82000144444444	5.91682057142857	7.23054928571429	5.5697086	6.62782984615385	6.41950546875	8.301882
32	GSM2869441_con	6.32342842857143	5.383313	5.59127757142857	6.09319155555556	6.22157185714286	6.85527185714286	5.1985212	6.71203546153846	6.2144020625	7.453958
33	GSM2869442_con	6.38091764285714	5.601541	5.67668571428571	6.42871488888889	5.728948	6.72034985714286	5.1752576	6.64594023076923	6.41765584375	7.7874705
34	GSM2869443_con	6.35825271428571	5.363067	5.54803242857143	6.14286366666667	5.777668	7.08893114285714	5.2050836	6.66819461538461	6.26778175	7.80045025
35	GSM2869444_con	6.73082514285714	5.867431	5.56906985714286	7.63092455555556	5.96135271428571	6.89588671428571	5.4966896	6.64341676923077	6.2557113125	7.638491625
36	GSM2869445_con	5.94099835714286	5.284668	5.07304557142857	5.85646033333333	5.43464285714286	6.50211128571429	5.1067302	6.63417146153846	6.3818895625	8.485161
37	GSM2869446_con	6.06072878571429	5.425032	5.49065957142857	6.07461044444444	5.787229	6.475126	5.0025344	6.62721869230769	6.394452625	8.08348325
38	GSM2869447_con	7.17210235714286	6.21493	6.03796285714286	7.68814522222222	5.71629857142857	6.81621914285714	5.4077236	6.61588669230769	6.27692546875	7.570543
39	GSM2869448_con	6.83572457142857	5.729551	5.22286457142857	8.41045922222222	5.47629571428571	6.96303342857143	5.5363928	6.59714115384615	6.3591418125	8.853676375
40	GSM2869449_con	6.18246407142857	5.558947	5.66637014285714	6.09219777777778	6.03687585714286	6.21158814285714	5.0070318	6.77977376923077	6.36305478125	8.08302375
41	GSM2869450_con	6.27511392857143	5.500511	5.72809485714286	6.74273111111111	6.14545514285714	6.45720371428571	5.1397072	6.78401038461538	6.3133526875	8.027173625
42	GSM2869451_con	6.36430578571429	5.590301	5.14420628571429	6.53910066666667	5.46019985714286	6.43592428571429	5.1847806	6.76071307692308	6.5910468125	9.09453825
43	GSM2869452_con	6.22926135714286	5.275321	5.405056	6.92986577777778	6.12638942857143	6.96925728571429	5.479398	6.70719823076923	6.304364375	7.589573625
44	GSM2869453_con	6.56769242857143	5.483884	5.44720128571429	7.23313677777778	6.03801714285714	6.81711057142857	5.356958	6.64451738461538	6.3304271875	7.658600375
45	GSM1900150_con	6.25802628571429	5.889332	5.64016471428571	6.28725344444444	6.02020971428571	5.97564857142857	5.2461354	6.49147830769231	6.23234271875	7.24034575
46	GSM1900151_con	6.39510921428571	5.114786	5.61568814285714	6.977121	6.19613114285714	6.51159814285714	5.0869862	6.42354030769231	6.279983	7.8910705
47	GSM1900152_con	6.16871971428571	5.747976	5.65856914285714	5.90834266666667	6.03103028571429	6.13651528571429	5.2399922	6.62557884615385	6.20019540625	7.164372
48	GSM1900153_con	6.1516455	5.488768	5.61911171428571	5.770261	6.39260342857143	5.90883785714286	4.9941688	6.59752084615385	6.1426895625	7.08728875
49	GSM1900159_con	6.43843135714286	6.01463	5.92017242857143	6.24322077777778	6.37651114285714	6.46411871428571	5.3941488	6.64810061538462	6.38226709375	7.788881125
50	GSM1900211_con	6.18398242857143	5.819192	5.75981842857143	5.92630766666667	6.23688485714286	5.87303985714286	5.1102028	6.54021830769231	6.18872403125	7.74548925
51	GSM1900221_con	6.62619557142857	5.714957	5.78338342857143	6.97369011111111	6.22558771428571	7.08629271428571	5.3870932	6.42614338461538	6.2304499375	7.923475
52	GSM1900222_con	6.27926464285714	5.660071	5.64805042857143	6.31625233333333	5.88754042857143	7.33876242857143	5.5263356	6.35433069230769	6.28739753125	8.106710375
53	GSM1900223_con	6.26779978571429	5.723736	5.74578714285714	6.12517877777778	6.23747971428571	6.509271	5.3159888	6.40653761538462	6.25903784375	7.77092425
54	GSM1900224_con	6.81073464285714	6.089285	5.95462228571429	7.55939611111111	6.57776585714286	7.49302957142857	5.882964	6.46899369230769	6.27976840625	7.88932
55	GSM1900225_con	6.69403314285714	5.536812	5.77120128571429	7.95649811111111	6.26339042857143	7.19463042857143	5.8326286	6.54651261538462	6.285425375	7.519325125
56	GSM1900226_con	6.38016285714286	5.583195	5.86396871428571	6.30610377777778	6.34532657142857	7.27896857142857	5.6473452	6.48534423076923	6.241140375	7.698727625
57	GSM1426079_con	6.18423464285714	5.694569	5.519815	6.39121244444444	5.87711771428571	6.07267857142857	5.2278848	6.52668561538462	6.27290125	7.43470325
58	GSM1426080_con	6.32128271428571	5.20117	5.45438857142857	7.10659344444444	5.95133871428571	6.55011071428571	5.0825212	6.43183761538462	6.323117375	8.083532375
59	GSM1426081_con	6.10165178571429	5.59331	5.527459	6.00281533333333	5.84934971428571	6.22520728571429	5.2511618	6.62575361538462	6.262071125	7.371608875
60	GSM1426082_con	6.07743328571429	5.464255	5.48322585714286	5.85891611111111	6.14662271428571	6.00947571428571	5.0164906	6.57536615384615	6.18927071875	7.2756895
61	GSM1426083_con	6.37142207142857	5.776446	5.77373885714286	6.32682322222222	6.14252042857143	6.50812542857143	5.3559224	6.658089	6.43821865625	7.982177625
62	GSM1426084_con	6.11235507142857	5.677045	5.58589071428571	6.03226288888889	6.00979028571429	5.99700571428571	5.1383008	6.54356592307692	6.24114621875	7.950596625
63	GSM1426085_con	6.21437564285714	5.55053	5.47538	6.40522933333333	5.75459885714286	7.274664	5.451128	6.40196307692308	6.34050053125	8.292200625
64	GSM1426086_con	6.20724342857143	5.571823	5.55005914285714	6.22775966666667	5.99072014285714	6.54483428571429	5.2795918	6.41225692307692	6.2964183125	7.952787
65	GSM1426087_con	6.75927607142857	5.800669	5.70723871428571	7.71199022222222	6.26038757142857	7.406567	5.8204772	6.497143	6.33547246875	8.0805265
66	GSM1426088_con	6.6334615	5.478795	5.59975857142857	8.13966044444444	6.02934757142857	7.158701	5.7536874	6.55278792307692	6.353483375	7.718980375
67	GSM1426089_con	6.32389264285714	5.46107	5.65256571428571	6.39444622222222	6.09673971428571	7.22116042857143	5.556027	6.48941	6.28242303125	7.89146325
68	GSM2332098_con	6.27043114285714	5.585142	5.54195428571429	6.38144911111111	5.74347714285714	6.64455314285714	5.1192778	6.561264	6.32461825	7.9570055
69	GSM2332099_con	6.90640671428571	6.295088	6.17469142857143	6.93146922222222	6.53878771428571	7.07050985714286	5.8058428	6.41320707692308	6.33174303125	7.89517725
70	GSM2332100_con	6.55871314285714	5.937523	6.168472	6.08235866666667	6.58602857142857	6.73166485714286	5.2072724	6.73901230769231	6.228109625	7.496605375
71	GSM2332101_con	6.29375607142857	5.449433	5.68494442857143	6.86244688888889	6.17834771428571	6.79577071428571	5.091588	6.45158023076923	6.2227024375	7.82436375
72	GSM2332102_con	5.93852285714286	5.562603	5.22913714285714	5.85605844444444	5.90032085714286	5.55572542857143	4.7635566	6.72874746153846	6.416261875	7.866910375
73	GSM2332103_con	6.03930892857143	5.836773	5.48550385714286	5.73756477777778	6.27500314285714	6.27487414285714	4.9961484	6.80475346153846	6.34933715625	7.597072375
74	GSM2332104_con	6.22382528571429	5.632622	5.22076557142857	5.73900188888889	6.03913042857143	6.44488771428571	5.2153372	6.87146661538462	6.39623603125	7.947856
75	GSM2332105_con	6.40077264285714	5.50965	5.30741442857143	7.22020377777778	5.98519542857143	6.17168442857143	5.1328968	6.742092	6.2574595625	7.68319175
76	GSM2332106_con	6.45468435714286	5.243766	5.36335971428571	6.65165611111111	5.87725628571429	6.376581	5.0906822	6.55385923076923	6.519113875	8.206356
77	GSM2332107_con	6.13355142857143	5.391995	5.252846	6.03153422222222	5.94575971428571	6.52697271428571	5.0589382	6.79002846153846	6.42289540625	7.927292
78	GSM2332108_con	6.96827228571429	6.011494	5.68783714285714	7.577684	5.89665714285714	7.19376957142857	5.6028386	6.52935261538462	6.2835776875	8.129977
79	GSM2332109_con	6.29742892857143	5.574509	5.26345371428571	6.51033622222222	6.044702	6.16254457142857	5.0868984	6.53471169230769	6.255207625	7.334030375
80	GSM2332110_con	6.47201292857143	5.691151	5.74093028571429	6.97289077777778	6.11596814285714	6.58522257142857	5.3192674	6.604588	6.37490828125	7.810210875
81	GSM2332111_con	6.87133871428571	5.923889	5.91097857142857	7.54491488888889	6.08154685714286	6.287646	5.4355342	6.457635	6.4238041875	7.72199925
82	GSM2332112_con	6.32454364285714	5.370852	5.39269571428571	5.84416544444444	5.782237	6.75589257142857	5.0344664	6.44463346153846	6.4564735625	8.097573875
83	GSM2332113_con	6.63433757142857	6.018372	5.87755271428571	6.66367566666667	5.90030628571429	6.89903642857143	5.4474878	6.50297746153846	6.30411225	7.5002835
84	GSM2332114_con	5.94241442857143	5.346588	5.49649257142857	6.00316655555556	6.11609471428571	6.77904814285714	5.2739388	6.51509615384615	6.30531209375	7.877708375
85	GSM2332115_con	6.09528264285714	5.244598	5.21645842857143	5.596135	5.97198842857143	6.20864042857143	4.8898116	6.74612869230769	6.40200590625	7.92204825
86	GSM2332116_con	6.47434964285714	5.562188	5.531704	7.01137844444444	6.08923828571429	6.91129585714286	5.5382722	6.60383707692308	6.291345875	7.617842875
87	GSM2332117_con	6.15437014285714	5.483542	5.62719242857143	6.60790555555556	6.15721371428571	6.35393385714286	5.0515628	6.75711492307692	6.179728875	7.430987
88	GSM2332118_con	6.27883928571429	6.472858	5.81701557142857	5.96064811111111	6.27606171428571	6.31994957142857	5.482896	6.35919646153846	6.24699203125	7.430781
89	GSM2869335_treat	7.05640242857143	5.676626	5.75150128571429	8.11081977777778	5.79262685714286	7.89257314285714	5.8971472	7.42684230769231	6.69028346875	8.597643625
90	GSM2869336_treat	7.31980942857143	6.212076	5.98777142857143	8.94503622222222	5.66363014285714	7.29955914285714	5.8500734	6.94772623076923	6.88710884375	9.2999505
91	GSM2869337_treat	7.05374385714286	6.43106	6.301264	6.55889866666667	5.763308	6.91125928571429	5.5945314	6.60066323076923	6.9732344375	9.524939125
92	GSM2869338_treat	7.60684242857143	6.157615	5.76937457142857	9.20343933333333	5.14067614285714	7.71773571428571	5.7676864	7.01098215384615	6.84409528125	9.483019625
93	GSM2869339_treat	7.35475421428571	5.857	5.85267571428571	7.87246655555556	5.82799471428571	7.77818128571429	5.9283362	7.29084876923077	6.689210875	8.696503
94	GSM2869340_treat	6.81859885714286	5.730588	5.854048	7.99911611111111	5.54309357142857	7.27879314285714	5.8457786	7.18459353846154	7.03800184375	9.316983625
95	GSM2869341_treat	6.39178814285714	5.142242	5.48627371428571	6.50854644444444	5.828488	7.03667014285714	5.187032	7.37812046153846	6.7181156875	8.046564375
96	GSM2869342_treat	7.65033407142857	6.645881	6.33344	8.38685433333333	5.75927871428571	7.20074785714286	6.01679	6.33260569230769	7.31105090625	9.952402875
97	GSM2869343_treat	7.34768185714286	6.019018	6.115694	8.48887022222222	5.87937114285714	7.29238342857143	5.8818082	6.82656615384615	6.833702375	8.958206375
98	GSM2869344_treat	6.40717835714286	5.439354	5.85233485714286	6.53912022222222	5.84581442857143	6.56021871428571	5.0929578	6.87377707692308	6.5417670625	8.04392125
99	GSM2869345_treat	6.39108107142857	5.61665	5.84355942857143	6.29408377777778	6.00139442857143	6.87560942857143	5.3713526	6.68239361538462	6.50317790625	8.008166375
100	GSM2869346_treat	7.00156821428571	5.742279	5.848035	7.42608366666667	5.814326	7.62660357142857	5.8961512	7.53822784615385	6.8431625	8.61501275
101	GSM2869347_treat	6.47378364285714	5.574229	5.84022114285714	6.64596777777778	5.93040542857143	6.62521871428571	5.3209252	6.85901592307692	6.671284625	8.40304525
102	GSM2869348_treat	7.47805114285714	6.263957	5.93311414285714	8.23038455555556	5.77457157142857	6.81896071428571	5.958448	6.73980461538462	6.55997978125	8.229161375
103	GSM2869349_treat	6.91749907142857	5.916247	6.02389357142857	8.62250455555556	5.78789442857143	7.92620328571429	6.5794522	6.94657123076923	6.60088228125	9.1421235
104	GSM2869350_treat	6.92307621428571	5.694689	5.92658414285714	8.150478	5.878218	7.67212642857143	5.980389	7.13849930769231	6.291629125	8.073666375
105	GSM2869351_treat	7.10321914285714	6.400765	6.37095042857143	7.20182811111111	5.998954	7.54064928571429	5.8980038	6.26741392307692	6.73048246875	9.373239375
106	GSM2869352_treat	7.56805914285714	6.173458	5.89932085714286	8.89839022222222	5.34368828571429	7.46393957142857	5.8176868	7.02793053846154	6.437005	8.583261125
107	GSM2869353_treat	7.70724685714286	6.078846	5.67301685714286	9.32697544444444	5.22697385714286	7.49677	5.9072114	7.03704484615385	6.5131889375	9.312693625
108	GSM2869354_treat	7.54611207142857	6.383579	6.13974071428571	9.04996533333333	5.65889	7.44828357142857	6.3240604	6.87601953846154	6.86551984375	9.356117
109	GSM2869355_treat	6.84288992857143	5.788339	5.70004685714286	7.74842466666667	5.81406842857143	6.92880857142857	5.5197362	6.78449453846154	6.41184928125	8.86134175
110	GSM2869356_treat	6.83619271428571	5.802288	5.86385585714286	8.49452455555556	5.65481857142857	7.60825785714286	5.9573304	7.16211807692308	7.04338109375	9.6423575
111	GSM2869357_treat	7.71778228571429	6.215641	5.76637971428571	9.41089288888889	5.17923128571429	7.505565	5.9075424	6.84724930769231	6.575438125	9.432230375
112	GSM2869358_treat	7.212152	6.213903	6.04115471428571	7.98842266666667	5.752951	6.77569842857143	5.8554528	6.38589015384615	6.7587976875	9.841784875
113	GSM2869359_treat	6.82991842857143	5.532081	5.71146471428571	7.65970966666667	5.70563657142857	6.45610857142857	5.3764788	6.73136961538462	6.53493825	8.217474375
114	GSM2869360_treat	7.41741357142857	6.109641	5.981978	8.23684311111111	5.72274114285714	6.931192	5.9491826	6.77839123076923	6.5330965	8.31547725
115	GSM2869361_treat	6.92605671428571	5.803303	5.88706442857143	8.08543211111111	5.73101628571429	6.83199571428571	5.630648	6.866151	6.42885240625	8.451558375
116	GSM2869362_treat	6.45890321428571	6.000463	5.87484371428571	6.10453522222222	5.75055271428571	6.88177942857143	5.2406926	6.60276023076923	6.9472009375	9.640712875
117	GSM2869363_treat	6.74763064285714	6.119864	5.76039914285714	6.72137722222222	5.69677785714286	6.98972914285714	5.4697824	6.18810338461538	6.920015125	9.5864445
118	GSM2869364_treat	7.16601392857143	5.760839	5.88542471428571	7.68246355555556	5.80141385714286	7.53887928571429	5.7634038	7.66594092307692	6.91134740625	8.5678785
119	GSM2869365_treat	6.76783357142857	5.625596	5.76471614285714	8.09572966666667	5.70457685714286	7.60416957142857	5.7735568	7.49528746153846	7.02425034375	9.14733825
120	GSM2869366_treat	6.88308807142857	5.691935	5.84334785714286	8.19183111111111	5.76947714285714	7.27328457142857	5.8580102	6.86600315384615	6.4410181875	8.644277
121	GSM2869367_treat	7.62673878571429	6.081093	5.65686057142857	9.35688833333333	5.21592242857143	7.38102057142857	5.9913522	6.61028984615385	6.772605625	9.591596875
122	GSM2869368_treat	7.11140585714286	5.774941	5.74416557142857	7.53564611111111	5.81263085714286	7.43880057142857	5.7698784	7.86613184615385	6.90815925	8.361698625
123	GSM2869391_treat	6.88551642857143	5.729753	5.69894028571429	7.79114088888889	5.39222071428571	7.54338228571429	5.6376288	7.28307538461538	7.00254409375	9.193643875
124	GSM2869392_treat	6.57177235714286	5.29829	5.66473285714286	6.71249188888889	5.78135671428571	6.872382	5.173223	6.915969	6.76299421875	7.8809875
125	GSM2869393_treat	7.67133407142857	6.499103	6.00629685714286	8.532095	5.28661185714286	7.790982	6.0690494	7.17937323076923	6.73865384375	9.228768375
126	GSM2869394_treat	6.74709264285714	5.5825	5.65737314285714	7.75590766666667	5.65666842857143	6.85003814285714	5.9260202	7.01272253846154	6.64619153125	8.60724575
127	GSM2869395_treat	6.94417457142857	5.848227	6.20124357142857	7.66917555555556	5.979415	8.34686128571429	5.5028126	7.56893	6.36984965625	8.470705375
128	GSM2869396_treat	7.41717942857143	5.837032	5.92717742857143	9.23814611111111	5.46105728571429	7.98891114285714	5.8109662	6.97163292307692	6.6679875625	9.240305375
129	GSM2869397_treat	7.04877307142857	5.331599	5.88811457142857	6.35154244444444	5.21552028571429	8.34543314285714	6.2386452	8.38962915384615	7.7352674375	9.512629375
130	GSM2869398_treat	6.70117671428571	5.746108	5.93982557142857	7.617812	6.07881257142857	7.93122071428571	5.3168196	7.46258223076923	6.35706903125	7.342226125
131	GSM2869399_treat	7.26334828571429	5.751333	5.70807628571429	8.89329777777778	5.59175528571429	7.61213242857143	5.6093426	6.70445876923077	6.60485540625	8.827665875
132	GSM2869400_treat	7.56647271428571	6.091374	5.85902085714286	9.23869433333333	5.61118842857143	7.73149171428571	5.9006324	6.66831284615385	6.45803846875	8.540673875
133	GSM2869401_treat	7.14784614285714	5.726274	5.79237857142857	8.46216488888889	5.33154585714286	8.32730714285714	6.0058486	8.07230846153846	7.1728549375	9.482955
134	GSM2869402_treat	6.89440785714286	5.856304	6.17525928571429	7.33083311111111	5.77012814285714	7.42038814285714	5.8667436	6.67344461538462	6.35503253125	8.02434425
135	GSM2869403_treat	7.67293042857143	6.319796	5.77322871428571	8.36700233333333	5.568251	7.79397171428571	6.2554972	6.77951738461539	6.77428284375	8.823809875
136	GSM2869404_treat	7.16460192857143	5.959433	6.189619	7.96908411111111	5.67743228571429	7.21184942857143	5.7177628	6.54907815384615	6.4016220625	8.461810125
137	GSM2869405_treat	6.37190692857143	5.282024	5.35413771428571	6.00874855555556	5.44469457142857	6.61785971428571	5.3978612	6.93874446153846	7.29740984375	8.37701075
138	GSM2869406_treat	6.72749935714286	5.382704	5.58542314285714	6.72875411111111	5.33839828571429	8.38717028571429	5.8373062	7.95333738461538	7.1810288125	8.41693975
139	GSM2869407_treat	7.01428228571429	5.84507	5.66924628571429	8.29832655555556	5.33256614285714	7.915917	5.320763	7.10582476923077	6.91759396875	9.5833485
140	GSM2869408_treat	7.00596164285714	5.807814	5.84488257142857	8.048271	5.69108942857143	6.94507342857143	6.0793556	6.72182692307692	6.4396958125	8.593309125
141	GSM2869409_treat	6.88521042857143	5.612083	5.67551	7.42734444444444	5.83886571428571	7.44690057142857	5.6844864	7.33996907692308	7.12040359375	9.134186625
142	GSM2869410_treat	7.56168314285714	6.2507	5.74951728571429	8.97870966666667	5.30649542857143	7.81287971428571	5.620332	7.59512692307692	7.16828996875	9.72349175
143	GSM2869411_treat	8.1753585	6.875799	6.15672471428571	8.92290555555556	5.40724557142857	7.90450642857143	6.3796776	6.91676630769231	6.8121520625	9.055713125
144	GSM2869412_treat	7.2372515	6.055218	5.97403657142857	8.36725144444445	5.295006	8.47114814285714	5.4560476	7.47198346153846	6.83352159375	9.58809625
145	GSM2869413_treat	7.135251	6.040362	6.04683714285714	8.05951433333333	5.63096028571429	7.12118428571429	5.8195672	6.70115853846154	6.4661306875	8.421030875
146	GSM2869414_treat	6.792311	5.552803	5.71597057142857	7.75616611111111	5.58494642857143	7.246677	5.9518018	7.17978823076923	6.54216584375	8.638272625
147	GSM2869415_treat	6.63782535714286	5.398088	5.54395885714286	7.15511788888889	5.80102314285714	7.26828871428571	5.519919	7.04844607692308	6.88121684375	8.655632375
148	GSM2869416_treat	7.48208878571429	6.267242	6.58502671428571	8.09405822222222	5.64423842857143	7.38059142857143	6.0808972	6.573024	6.55396821875	8.529910625
149	GSM2869417_treat	7.15696978571429	6.045458	5.75826585714286	8.611182	5.20766785714286	8.12911028571428	5.3787896	8.02549115384615	7.0827068125	9.995234125
150	GSM2869418_treat	7.13579928571429	5.908665	5.82618728571429	8.07920711111111	5.93028242857143	7.849204	6.0430388	7.42354915384615	6.85708028125	9.27293375
151	GSM2869419_treat	7.47188864285714	6.031503	5.96581285714286	8.52992644444445	5.65253171428571	7.12217257142857	6.4113436	6.76556469230769	6.573343	8.612098125
152	GSM2869420_treat	7.48452671428571	6.103122	5.90661514285714	9.15710288888889	5.55019585714286	7.731108	5.9269802	6.84890315384615	6.64375434375	9.051309875
153	GSM2869421_treat	6.61653692857143	5.555743	5.66431	7.05326544444444	5.37370628571429	7.57747471428571	5.688244	7.213999	6.8644409375	9.167399625
154	GSM2869422_treat	7.54131771428571	6.315594	6.31481957142857	8.59796277777778	5.63117471428571	7.49194957142857	5.928823	6.59681623076923	6.5661613125	8.742031125
155	GSM2869423_treat	7.23698407142857	5.96218	5.73531885714286	8.86614633333333	5.21385371428571	8.06063028571429	5.5226346	7.431237	6.790803125	9.653458
156	GSM2869424_treat	7.43257592857143	5.820607	6.02769328571429	8.87512888888889	5.49790771428571	7.51497914285714	6.5140774	6.88791261538462	6.67608809375	9.0194685
157	GSM2869425_treat	6.80408164285714	5.396885	5.74822457142857	6.34504	5.28650542857143	7.74768457142857	5.7989238	8.032209	7.35682615625	9.240960125
158	GSM2869426_treat	6.73823757142857	5.668791	5.944428	7.34501088888889	5.70076771428571	7.14973142857143	5.6167508	6.78239869230769	6.4713821875	8.007266
159	GSM2869427_treat	7.01003814285714	5.730543	5.80117342857143	7.91504133333333	5.81229557142857	6.35857385714286	5.7984948	6.70173661538462	6.70140521875	8.487856125
160	GSM2869428_treat	6.78095214285714	5.521273	5.46557142857143	7.01053777777778	5.82025142857143	7.31789042857143	5.5451954	7.35617192307692	6.8584000625	8.497598
161	GSM2869429_treat	6.941784	5.856593	5.56513785714286	7.87301788888889	5.70385785714286	7.358902	5.6170756	7.51762507692308	6.9981425	8.91356975
162	GSM2869430_treat	6.77926492857143	5.343045	5.89296371428571	6.52216166666667	5.40449928571429	7.845386	5.7459584	8.58949115384615	7.3884174375	9.356551625
163	GSM2869431_treat	7.23008457142857	6.016133	5.74587471428571	8.89580422222222	5.318618	7.905357	5.4360784	7.62406430769231	6.982299	9.720766125
164	GSM1900148_treat	7.58121014285714	6.866646	7.19301671428571	8.42440077777778	5.81130485714286	8.040847	5.5568128	7.78320115384615	7.06306821875	10.1735955
165	GSM1900154_treat	7.02961571428571	6.40992	6.22707142857143	7.00759633333333	5.60061128571429	7.68371585714286	5.5836134	8.19903592307692	6.40100021875	8.101511125
166	GSM1900155_treat	7.41665871428571	6.248347	5.64065342857143	9.46751744444444	5.32663128571429	7.88802642857143	5.3304036	7.69618969230769	6.26147246875	8.562220625
167	GSM1900158_treat	6.27019671428571	5.508912	5.51739442857143	6.166479	5.31859785714286	7.10248285714286	5.0473486	7.04651415384615	6.00018340625	7.2998155
168	GSM1900172_treat	6.81716635714286	5.424407	5.60012314285714	7.89470666666667	5.46468071428571	7.49275157142857	5.3990708	7.83641423076923	6.41539996875	8.655517625
169	GSM1900175_treat	6.80762107142857	5.622234	6.024639	7.72559077777778	5.39327328571429	7.72925042857143	5.4500888	7.12928223076923	6.430949625	8.461244875
170	GSM1900176_treat	8.02589185714286	7.169008	6.60936971428571	9.32887944444444	5.59769357142857	7.70335342857143	5.78569	7.15573176923077	6.7456988125	9.33630625
171	GSM1900180_treat	6.63076814285714	5.417651	5.62782314285714	8.47070944444445	5.42816871428571	7.08280242857143	5.5125256	6.95685746153846	6.61632746875	8.741715875
172	GSM1900181_treat	7.51388592857143	5.626236	5.553477	8.16107077777778	5.66491371428571	7.16558585714286	5.6735856	6.77078707692308	6.29556996875	8.003293375
173	GSM1900184_treat	7.07708657142857	5.532711	5.37724542857143	9.106935	5.46385457142857	7.56077985714286	5.492531	7.08016469230769	6.41373696875	8.482015125
174	GSM1900185_treat	6.96863907142857	5.727935	5.75967228571429	8.80483244444445	5.54355871428571	7.66845071428571	5.4767384	7.98481553846154	6.35123396875	8.617645875
175	GSM1900186_treat	6.78645164285714	5.542719	5.54335657142857	8.07680322222222	5.47781871428571	7.746718	5.495362	7.19515638461538	6.26240603125	8.0185935
176	GSM1900192_treat	7.0906505	6.20751	5.98279771428571	8.37049955555556	6.01358271428571	7.46091171428571	6.1818034	6.91260676923077	6.3638570625	8.455685
177	GSM1900195_treat	7.55977678571429	5.936049	5.83171742857143	9.75491622222222	5.20237442857143	8.36229942857143	5.9109478	8.24132153846154	6.6004738125	9.1510035
178	GSM1900202_treat	6.69418635714286	5.609776	5.43461728571429	7.19185377777778	5.64484657142857	7.45811971428571	5.3792718	6.84922946153846	6.414131875	8.66952425
179	GSM1900204_treat	6.15913771428571	5.442635	5.29364228571429	6.15401211111111	5.42413985714286	6.852472	5.1514188	6.80381346153846	6.420861125	7.840048875
180	GSM1900206_treat	7.289194	5.724119	5.53969757142857	9.42963433333333	5.31402414285714	7.68538685714286	5.4608536	7.19137769230769	6.45259515625	8.59598375
181	GSM1900208_treat	6.51114078571429	5.580385	5.580353	6.94538288888889	5.30146728571429	7.68891814285714	5.2410208	7.62283207692308	6.46695984375	8.25560475
182	GSM1900210_treat	6.662053	5.670578	5.68188457142857	6.60412722222222	5.67549042857143	7.27014971428571	5.3603926	7.62527261538462	6.43106653125	8.865753875
183	GSM1900213_treat	7.45502564285714	6.023008	5.61597714285714	8.91729411111111	5.59976614285714	7.31439085714286	5.6337186	6.67387438461538	6.43434175	8.227957125
184	GSM1900214_treat	7.166569	5.625002	5.48252757142857	8.45708511111111	5.53660728571429	7.57545842857143	5.3897262	7.00007415384615	6.66616178125	8.82249225
185	GSM1900215_treat	6.49074878571429	5.441919	5.38426242857143	6.33041222222222	5.56670385714286	7.45147242857143	5.1912674	6.93770123076923	6.31370146875	8.116624625
186	GSM1900217_treat	6.92648507142857	5.686904	5.45779514285714	8.42145755555556	5.56307757142857	7.43319542857143	5.702193	6.82098561538462	6.5104308125	8.574459375
187	GSM1900227_treat	6.60600671428571	5.673148	5.65373371428571	7.38543944444444	5.51590057142857	7.19306828571429	5.5007214	6.93288138461538	6.859335625	9.191081625
188	GSM1900230_treat	6.18001485714286	5.54876	5.36340485714286	6.07042788888889	5.42517242857143	6.30789828571429	5.2880986	6.69369169230769	7.07339434375	8.140241625
189	GSM1900233_treat	6.76639335714286	6.106864	5.84044671428571	7.10049122222222	5.64869585714286	7.86402428571429	5.8975622	8.34092415384615	7.34601621875	9.442100125
190	GSM1900236_treat	6.3077025	5.837522	5.66399342857143	6.01178455555556	5.64242085714286	5.99585785714286	5.3158392	6.60713538461538	6.24805771875	7.26445475
191	GSM1900239_treat	6.81450328571429	5.901046	5.50875671428571	8.39456088888889	5.54445228571429	6.96051042857143	5.7875344	6.67483423076923	6.69958578125	8.262113
192	GSM1900241_treat	7.06705092857143	5.772274	5.78634771428571	8.45815133333333	5.43966028571429	7.44164428571429	6.3050026	6.92862576923077	6.86571746875	9.068816375
193	GSM1900244_treat	6.84910328571429	5.461926	5.806188	7.04526144444444	5.60400914285714	7.721861	5.9197818	6.88833969230769	7.08137753125	8.9775265
194	GSM1900246_treat	6.32451521428571	5.709305	5.64838357142857	6.41751044444444	5.558106	6.89469528571429	5.4220418	6.81299761538462	6.426045625	7.817177875
195	GSM1900248_treat	7.70910592857143	6.016262	5.75380842857143	9.80793211111111	5.46756428571429	7.781878	6.2777852	6.75138392307692	6.918501875	9.130163875
196	GSM1900251_treat	7.61169842857143	6.197117	6.01357042857143	8.78933955555556	5.54398714285714	7.89017742857143	6.051906	7.30830246153846	7.04040084375	9.830067125
197	GSM1900254_treat	6.91255628571429	5.735241	6.00935885714286	7.09758	5.524592	7.55459585714286	5.419164	7.18949992307692	6.7205379375	8.591144625
198	GSM1900257_treat	7.17251742857143	5.877131	6.117813	7.71765666666667	5.77415728571429	7.783526	5.3142078	7.53434584615385	6.4064019375	7.975951875
199	GSM1900260_treat	6.92792785714286	5.836471	5.81812271428571	7.63037022222222	5.837547	7.40481771428571	5.5190746	6.625386	6.58254190625	8.1697375
200	GSM1900263_treat	6.68915764285714	6.164144	5.78562057142857	6.69485033333333	5.73277628571429	7.10483114285714	5.572568	6.85121223076923	6.506739625	8.385966125
201	GSM1900265_treat	6.52361507142857	5.643165	5.64226985714286	6.89756011111111	5.88046514285714	7.31091528571429	5.4934084	7.12672346153846	6.44433009375	7.914928875
202	GSM1900268_treat	6.63445621428571	5.504377	5.72189828571429	6.47659322222222	5.79906585714286	7.92658257142857	5.4930444	7.79740953846154	6.470980125	8.194635375
203	GSM1900271_treat	6.88508221428571	5.435109	5.52258385714286	7.97255266666667	5.25968457142857	7.94788614285714	5.8491258	7.20429546153846	6.82896271875	9.816789375
204	GSM1900274_treat	6.82943721428571	5.848333	5.698092	8.67375377777778	5.69500214285714	7.77717385714286	5.6699344	7.71219407692308	7.1066885	9.146258
205	GSM1900277_treat	7.2559315	5.636103	5.60373657142857	9.25247211111111	5.40670214285714	7.35353214285714	5.5495622	6.93785569230769	6.72726990625	9.010282625
206	GSM1900280_treat	6.82954421428571	6.079493	5.793305	6.41139733333333	5.86875057142857	7.127983	5.6801434	6.74228730769231	6.64770984375	8.081345125
207	GSM1900283_treat	7.67302864285714	5.834757	5.67278385714286	9.25493888888889	5.54201942857143	8.22941185714286	5.841899	8.94918592307692	7.1837941875	9.812962375
208	GSM1900285_treat	7.18328485714286	5.227991	5.88982271428571	8.68347366666667	5.57456842857143	8.11833242857143	5.8932254	8.19147669230769	7.121155875	9.96119025
209	GSM1900288_treat	6.36171785714286	5.784656	5.83985271428571	6.28530388888889	5.90582785714286	6.43966328571429	5.4918046	6.65563392307692	6.50538853125	7.66912875
210	GSM1900291_treat	7.284258	5.925599	5.83776457142857	8.53636555555556	5.663013	7.28655471428571	5.5112014	6.81808361538461	6.274471125	7.830456875
211	GSM1900294_treat	7.27279471428571	5.903285	6.61261157142857	7.99634866666667	5.84540957142857	8.01955314285714	5.8442392	6.88077869230769	6.77683178125	9.188724125
212	GSM1900297_treat	6.94701628571429	5.210127	5.72462542857143	8.32466744444444	5.57926728571429	7.453266	5.400722	7.00330846153846	7.074784125	9.294355375
213	GSM1900299_treat	6.73868285714286	5.384789	5.42928442857143	7.29716611111111	5.51515028571429	7.21741871428571	5.3747448	7.06613007692308	6.75233428125	8.99808275
214	GSM1900302_treat	6.87606764285714	5.820512	5.59666871428571	7.56965422222222	5.91836514285714	6.94573142857143	5.4070166	6.53569015384615	6.30447225	8.201173125
215	GSM1900305_treat	6.81449164285714	6.553121	6.29209942857143	6.15606766666667	6.15173514285714	7.00746157142857	5.8250318	6.48288461538462	6.5063156875	8.28162475
216	GSM1900307_treat	6.56041214285714	5.389548	5.63032585714286	6.777862	5.76327528571429	7.02547842857143	5.5433002	6.78943738461538	6.7666054375	9.0875765
217	GSM1900310_treat	7.73582735714286	6.015181	5.762799	9.67017866666667	5.55971042857143	7.52808485714286	5.9777164	6.79248	6.47825596875	8.751042625
218	GSM1900313_treat	6.99571714285714	5.712638	5.65031742857143	7.77320388888889	5.63879228571429	6.780866	5.4915484	6.54452630769231	6.65520034375	8.87103875
219	GSM1900314_treat	7.73264078571429	6.191996	6.24026457142857	9.21852744444444	5.42807485714286	7.72972557142857	5.928971	6.60625992307692	6.76306996875	9.369769
220	GSM1900315_treat	7.49952285714286	6.017497	6.00475228571429	7.34466477777778	5.609349	8.27862042857143	5.815762	7.09295007692308	6.78489434375	8.913600875
221	GSM1900316_treat	7.49274792857143	5.823994	5.89122257142857	8.98400666666667	5.69279057142857	7.52219414285714	5.9583602	7.131261	6.53378134375	8.503471125
222	GSM1900317_treat	6.40467042857143	5.834763	5.86483428571429	6.40996755555556	6.09570271428571	6.84426742857143	5.6927658	6.82032038461538	6.27298690625	8.13773075
223	GSM1900318_treat	6.67584807142857	5.505583	5.71853385714286	6.65653766666667	5.60312785714286	7.20037771428571	5.3599156	7.74196192307692	6.4997088125	8.54144325
224	GSM1900319_treat	5.98760571428571	5.416514	5.21063114285714	6.57018066666667	5.52375185714286	6.509731	5.2122834	6.54709784615385	6.7969224375	8.8174085
225	GSM1900320_treat	7.17799471428572	5.703417	6.08869014285714	7.28210711111111	5.95332642857143	8.209402	5.9805982	8.56239576923077	7.66029459375	10.023873875
226	GSM1900321_treat	7.15177964285714	6.265375	5.85826271428571	8.21914388888889	5.37889642857143	7.29979085714286	5.3435616	6.95148669230769	6.61487934375	9.0475645
227	GSM1900322_treat	7.42628864285714	5.45613	5.63092285714286	8.571496	5.49805757142857	7.944464	5.5036336	7.47558176923077	7.0021624375	9.75264
228	GSM1900323_treat	6.79523	6.381243	5.920176	6.66500844444444	5.78177371428571	7.35103271428571	5.9217076	7.06793107692308	6.74362690625	8.397325875
229	GSM1900324_treat	6.92342257142857	5.447934	5.70894671428571	8.29848177777778	5.469115	7.90211542857143	5.6312692	7.52046246153846	7.05488603125	9.215328625
230	GSM1900325_treat	6.70675878571429	5.649482	5.70957814285714	7.06366766666667	5.72225971428571	7.27929828571429	5.2716096	7.184591	6.88688071875	9.4588055
231	GSM1426090_treat	6.98089457142857	5.915582	6.00339	8.04370911111111	5.73018085714286	7.71706314285714	5.5131488	6.79004030769231	6.76431296875	8.7397835
232	GSM1426091_treat	6.48025007142857	5.582875	5.65429328571429	6.62622777777778	5.86687028571429	6.88823085714286	5.5148996	6.58424284615385	6.382552625	8.404640625
233	GSM1426092_treat	6.36490978571429	5.626647	5.32102471428571	6.60098433333333	5.73835885714286	6.70581028571429	5.445504	6.50716976923077	6.2227416875	7.670982625
234	GSM1426093_treat	6.75612557142857	5.587869	5.67407971428571	7.41376433333333	5.52375285714286	7.54416857142857	5.4231588	6.77866646153846	6.67123859375	9.2367045
235	GSM1426094_treat	7.47750971428571	5.810531	6.71259257142857	8.72769022222222	5.75144385714286	8.17745614285714	5.8745452	8.05013284615385	7.8171416875	10.962154
236	GSM1426095_treat	7.52033157142857	6.338043	6.96604057142857	8.60776455555555	5.704041	7.92734628571429	5.5436334	7.854358	7.27355303125	10.427084375
237	GSM1426096_treat	6.97106407142857	6.00658	6.07618257142857	7.111321	5.56712885714286	7.60636071428571	5.5486118	8.29223730769231	6.50420896875	8.3145795
238	GSM1426097_treat	7.37410771428571	5.913146	5.55667471428571	9.76290466666667	5.33465814285714	7.78188157142857	5.3125188	7.75151753846154	6.355774	8.787791875
239	GSM1426098_treat	7.01863378571429	5.524319	5.56972985714286	7.48565122222222	5.70126528571429	8.24023585714286	5.8346206	8.11452938461538	6.89740790625	8.51207575
240	GSM1426099_treat	6.74677492857143	5.540374	5.84220828571429	7.86688388888889	5.41025842857143	7.64974428571429	5.410037	7.24850123076923	6.53825978125	8.657959375
241	GSM1426100_treat	7.98334542857143	6.554385	6.44410914285714	9.58773055555556	5.55409871428571	7.61601785714286	5.7544004	7.26108861538462	6.89457384375	9.587399125
242	GSM1426101_treat	6.75629992857143	5.562933	5.46691585714286	7.64654166666667	5.47485714285714	7.80875571428571	5.6324752	7.45249946153846	7.14954603125	8.949689625
243	GSM1426102_treat	7.46548	5.515576	5.44302785714286	8.35246033333333	5.63113042857143	7.14085614285714	5.62425	6.82020769230769	6.35977965625	8.195301125
244	GSM1426103_treat	7.03765514285714	5.461466	5.288309	9.36615533333333	5.45471785714286	7.50602971428571	5.4786682	7.16405184615385	6.49478884375	8.67696025
245	GSM1426104_treat	6.91224978571429	5.53348	5.62917571428571	9.03929211111111	5.53324271428571	7.59033957142857	5.4505042	8.03058030769231	6.43531359375	8.83563725
246	GSM1426105_treat	7.51639728571429	5.650333	5.72743928571429	10.0657027777778	5.21519114285714	8.19370128571429	5.8941432	8.34089392307692	6.74204353125	9.391499625
247	GSM1426106_treat	6.63732071428571	5.471469	5.327933	7.31045588888889	5.63541357142857	7.40876071428571	5.3468792	6.91136692307692	6.47924134375	8.88603675
248	GSM1426107_treat	7.24352721428571	5.539972	5.44123814285714	9.71096144444444	5.32187328571429	7.60168114285714	5.4657234	7.27436023076923	6.5546610625	8.82297675
249	GSM1426108_treat	6.43699264285714	5.45959	5.44829185714286	7.054869	5.32419685714286	7.61549614285714	5.2504402	7.64748746153846	6.57964475	8.465454
250	GSM1426109_treat	7.11901492857143	5.465471	5.40220928571429	8.65779266666667	5.48283928571429	7.515118	5.3650776	7.07521353846154	6.772718125	9.04625025
251	GSM1426110_treat	6.42627871428571	5.414266	5.26780171428571	6.42654344444444	5.54947342857143	7.388042	5.1480042	7.01886153846154	6.37435909375	8.3143575
252	GSM1426111_treat	6.87092307142857	5.548413	5.34383742857143	8.629077	5.54769314285714	7.381151	5.6482904	6.87621415384615	6.60061809375	8.797478375
253	GSM1426112_treat	6.94928428571429	5.875736	5.80940442857143	7.54625244444444	5.68622685714286	7.64115385714286	5.7847286	6.99742561538462	6.77883959375	8.41651075
254	GSM1426113_treat	7.49725285714286	5.843775	5.78180414285714	8.58082944444444	5.83723528571429	7.699908	6.0656988	6.97100553846154	6.58353321875	8.650279
255	GSM1426114_treat	7.30661635714286	5.622348	5.48983442857143	9.45045988888889	5.46302028571429	8.098069	5.7873204	7.46950107692308	6.998571125	9.66372225
256	GSM1426115_treat	7.43823842857143	5.74664	6.06310328571429	8.210159	5.82416871428571	8.17168357142857	5.9611582	7.31268038461538	6.831957875	9.315027375
257	GSM1426116_treat	7.75665642857143	5.848363	5.84708328571429	8.82057511111111	5.57027628571429	8.32232514285714	5.7556774	7.57903515384615	6.91506815625	9.308995375
258	GSM1426117_treat	7.07018114285714	5.742508	5.92400342857143	7.69778933333333	5.69641671428571	7.29467042857143	5.745261	6.87567	6.60278628125	8.26566125
259	GSM1426118_treat	7.60318142857143	5.392732	5.71193057142857	10.2943294444444	5.54753314285714	7.66657771428571	6.4297894	6.87082246153846	6.7556340625	8.855218
260	GSM1426119_treat	7.5194705	5.790079	5.93056257142857	9.02107277777778	5.70790557142857	7.98679685714286	6.7531806	6.83613507692308	6.89624278125	9.34664475
261	GSM1426120_treat	7.57982864285714	5.780561	5.73682014285714	9.25269588888889	5.60285742857143	7.52615614285714	6.0892814	6.75054153846154	6.55384971875	8.4139615
262	GSM1426121_treat	7.10058564285714	5.729631	5.86728514285714	7.84681944444444	5.57033942857143	8.096132	5.8536886	7.29579592307692	7.0520705	9.1067865
263	GSM1426122_treat	6.59050385714286	5.323396	5.73549242857143	8.13977288888889	5.81290471428571	7.38956528571429	5.3400396	6.86709969230769	6.51681346875	8.451754
264	GSM1426123_treat	6.63228878571429	5.566663	5.64237957142857	7.15875033333333	5.685726	7.35550785714286	5.8196712	7.24594392307692	6.8858936875	9.08475575
265	GSM1426124_treat	7.77753985714286	6.228668	6.774836	8.84622244444444	6.07834771428571	8.10616057142857	5.756749	7.11071	6.6721040625	9.19766925
266	GSM1426125_treat	6.54585085714286	5.567651	5.53557357142857	7.51460522222222	5.48857114285714	7.18161614285714	5.4893998	7.00016869230769	7.01616703125	9.425428625
267	GSM1426126_treat	6.72200807142857	5.800988	5.75292671428571	7.19092644444444	5.60853342857143	7.77996014285714	5.9063832	8.41360076923077	7.58158775	9.6608345
268	GSM1426127_treat	6.75516092857143	5.692035	5.39976671428571	8.60856788888889	5.50260828571429	6.98343	5.763987	6.70815253846154	6.80792171875	8.45452025
269	GSM1426128_treat	7.01791585714286	5.603526	5.689142	8.65151755555556	5.41263685714286	7.39110842857143	6.2260222	7.01423176923077	7.031364875	9.2924455
270	GSM1426129_treat	6.78537714285714	5.38565	5.67281771428571	7.14846244444444	5.56362314285714	7.63627142857143	5.9158296	6.98873653846154	7.24580959375	9.20336425
271	GSM1426130_treat	6.24114021428571	5.584354	5.53963557142857	6.50348355555556	5.52537485714286	6.90641	5.3875938	6.83378907692308	6.50894375	8.02367725
272	GSM1426131_treat	7.67072771428571	5.725944	5.64707985714286	10.1221523333333	5.40433157142857	7.67009528571429	6.236009	6.87189330769231	7.10394484375	9.378923375
273	GSM1426132_treat	7.55854607142857	5.892637	5.925939	9.01092444444444	5.48698871428571	7.79763214285714	6.0018296	7.38996376923077	7.2475816875	10.093524375
274	GSM1426133_treat	6.84379414285714	5.557136	5.82467757142857	7.19152688888889	5.46256971428571	7.505637	5.4100188	7.24280069230769	6.8402886875	8.803808125
275	GSM1426134_treat	7.11078435714286	5.632615	5.96549171428571	7.86065244444444	5.71253014285714	7.688022	5.3217048	7.60977953846154	6.48902890625	8.172180875
276	GSM1426135_treat	6.88400628571429	5.611191	5.68045914285714	7.76765833333333	5.75059971428571	7.365775	5.506615	6.70360661538461	6.67569715625	8.363084625
277	GSM1426136_treat	6.62007657142857	5.887367	5.67967271428571	6.79996966666667	5.68195657142857	7.10560157142857	5.5495204	6.86328053846154	6.6014266875	8.59081125
278	GSM1426137_treat	6.45196478571429	5.553304	5.478337	6.98827322222222	5.80558885714286	7.27679514285714	5.4533946	7.14345676923077	6.50161003125	8.09799275
279	GSM1426138_treat	6.82269664285714	5.341182	5.40500657142857	8.12624144444444	5.25259242857143	7.844756	5.8008312	7.30266861538461	6.9574364375	10.055982625
280	GSM1426139_treat	6.78085714285714	5.648903	5.58327542857143	8.86932411111111	5.64137614285714	7.68876571428571	5.6518574	7.82822807692308	7.30620465625	9.3845555
281	GSM1426140_treat	7.20823185714286	5.500755	5.51770071428571	9.527561	5.39881842857143	7.31774014285714	5.5350872	7.03416976923077	6.8803566875	9.238429875
282	GSM1426141_treat	6.76653335714286	5.791946	5.67054128571429	6.48129988888889	5.79231485714286	7.128173	5.6402806	6.81134946153846	6.7601014375	8.278630625
283	GSM1426142_treat	7.13379935714286	5.29818	5.71003542857143	8.88671066666667	5.50328071428571	7.98428928571429	5.8186524	8.298984	7.32571965625	10.203604375
284	GSM1426143_treat	6.28384157142857	5.625339	5.69171585714286	6.389636	5.793188	6.52681	5.477569	6.64939830769231	6.58315846875	7.877452875
285	GSM1426144_treat	7.2309105	5.669858	5.71504771428571	8.75737522222222	5.63132214285714	7.256897	5.4545912	6.83454715384615	6.33502590625	8.0356335
286	GSM1426145_treat	7.22308414285714	5.722298	6.38732042857143	8.156793	5.72196885714286	7.90581028571429	5.798637	6.96003838461538	6.9320316875	9.427493375
287	GSM1426146_treat	6.89577421428571	5.196894	5.59693385714286	8.50617233333333	5.54204071428571	7.42026985714286	5.384707	7.09209192307692	7.25052228125	9.5328245
288	GSM1426147_treat	6.68462985714286	5.320659	5.34950457142857	7.41150788888889	5.50981957142857	7.21846442857143	5.3783342	7.14482246153846	6.90003753125	9.218859875
289	GSM1426148_treat	6.75463028571429	6.099371	6.08721842857143	6.233596	5.96118214285714	7.01316657142857	5.7641352	6.50798607692308	6.60684109375	8.4837555
290	GSM1426149_treat	6.50230107142857	5.366358	5.52008714285714	6.86990333333333	5.659702	7.03027185714286	5.4938014	6.81400053846154	6.90487890625	9.3095205
291	GSM1426150_treat	7.69346078571429	5.749694	5.63850871428571	9.97376466666667	5.53722057142857	7.47399128571429	5.9822206	6.87182630769231	6.5954708125	8.966306875
292	GSM1426151_treat	6.93657114285714	5.543459	5.518868	7.94278633333333	5.54940414285714	6.81662442857143	5.4822712	6.55724815384615	6.76561725	9.103979375
293	GSM1426152_treat	7.69571135714286	5.85794	6.05068257142857	9.47724622222222	5.37054071428571	7.64420185714286	5.8793976	6.66839861538462	6.91946359375	9.6175185
294	GSM1426153_treat	7.44364892857143	5.733268	5.87925557142857	7.47236333333333	5.59552971428571	8.10663285714286	5.7585942	7.16343715384615	6.909967375	9.140660375
295	GSM1426154_treat	7.44722164285714	5.573529	5.74522942857143	9.24040211111111	5.59166028571429	7.453013	5.8979716	7.19554669230769	6.637872	8.718386375
296	GSM1426155_treat	6.32920771428571	5.6526	5.70912428571429	6.51185511111111	5.91373057142857	6.88495614285714	5.6500996	6.83221646153846	6.329014625	8.330989625
297	GSM1426156_treat	6.61116278571429	5.425247	5.58774485714286	6.76109988888889	5.56560185714286	7.185107	5.347153	7.792253	6.5716068125	8.747709875
298	GSM1426157_treat	5.91714478571429	5.403572	5.12741042857143	6.69065866666667	5.47866971428571	6.56443971428571	5.2095126	6.57568315384615	6.9456655	9.042969
299	GSM1426158_treat	7.10053507142857	5.539616	5.94984242857143	7.39668811111111	5.87099214285714	8.05876314285714	5.9569798	8.64553353846154	7.93009	10.27642025
300	GSM1426159_treat	7.0953925	5.920731	5.72509085714286	8.38735611111111	5.37225985714286	7.285018	5.31712	7.03783069230769	6.75310690625	9.28236625
301	GSM1426160_treat	7.38504121428571	5.366498	5.51769514285714	8.78310688888889	5.45888185714286	7.83576242857143	5.5072308	7.59764161538462	7.19174925	10.007093875
302	GSM1426161_treat	6.75929885714286	6.030531	5.773123	6.734925	5.71345228571429	7.31761814285714	5.8844364	7.08983215384615	6.85738553125	8.6097215
303	GSM1426162_treat	6.86715514285714	5.394319	5.58414028571429	8.47562133333333	5.44993385714286	7.80561485714286	5.632861	7.61893530769231	7.244280125	9.455528
304	GSM1426163_treat	6.64971628571429	5.51039	5.58370642857143	7.16671	5.62588728571429	7.26181085714286	5.2571884	7.22942153846154	7.02568984375	9.69840275
305	GSM1426164_treat	6.88451885714286	5.555131	5.51456857142857	7.03269833333333	5.66101485714286	6.40407014285714	5.6380242	6.41874584615385	6.551538875	8.648106375
306	GSM1426165_treat	6.5428905	5.734224	5.52242971428571	6.64962288888889	5.95793585714286	6.047131	5.6819262	6.66557176923077	6.46099671875	8.030052625
307	GSM1426166_treat	6.29821057142857	5.547024	5.53187342857143	6.738354	5.53050685714286	6.48476128571429	5.2764358	6.55080992307692	6.20302396875	7.533250125
308	GSM1426167_treat	7.05454835714286	5.603113	5.48700428571429	7.38490866666667	5.79561871428571	6.66222557142857	5.5297908	6.46827584615385	6.631037625	9.14004275
309	GSM1426168_treat	6.59420157142857	5.954214	5.63436042857143	7.33029955555556	5.903636	6.29644642857143	5.4667532	6.50211661538462	6.6984915	8.977831875
310	GSM1426169_treat	6.30246864285714	5.580772	5.70847785714286	6.39182466666667	5.99588671428571	5.886584	5.1334642	6.39784453846154	6.11180771875	7.884573125
311	GSM1426170_treat	6.72087828571429	5.629958	5.56528957142857	6.97932522222222	5.72407528571429	6.30587171428571	5.3501442	6.41870515384615	6.6636594375	9.02621375
312	GSM1426171_treat	6.07815828571429	5.454962	5.29394714285714	6.34630311111111	5.774132	6.08957485714286	5.120472	6.44934038461538	6.28964534375	7.492649125
313	GSM1426172_treat	6.14474092857143	5.352827	5.27944085714286	6.23679322222222	5.52338371428571	6.50895985714286	5.353097	6.52173907692308	6.2742690625	8.262585125
314	GSM1426173_treat	6.13615792857143	5.391053	5.27386471428571	6.082649	5.64186985714286	5.82942214285714	5.1253464	6.37948646153846	6.21433853125	7.897934125
315	GSM1426174_treat	7.08566057142857	5.435896	5.50550214285714	7.78589566666667	5.72384614285714	6.53026757142857	5.4812774	6.35004569230769	6.432648	8.28367675
316	GSM1426175_treat	6.50817592857143	5.932991	5.50933657142857	6.64661577777778	5.71634771428571	6.72108814285714	5.2774312	6.50275769230769	6.3157783125	8.321644375
317	GSM1426176_treat	6.53544192857143	5.533774	5.54201685714286	6.795048	5.88559071428571	7.101485	5.3921092	6.43946	6.454251	8.959746
318	GSM1426177_treat	6.67687507142857	5.787716	5.53505771428571	7.40075766666667	5.79016057142857	6.84119642857143	5.637819	6.399888	6.400031125	8.304501875
319	GSM1426178_treat	6.81458285714286	5.61451	5.58207057142857	7.12793466666667	5.73811842857143	6.91949	5.527605	6.74201669230769	6.6365795625	8.916410625
320	GSM1426179_treat	6.77057635714286	5.749469	5.41361842857143	8.388954	5.79377157142857	6.38370914285714	5.2129976	6.49308723076923	6.5788583125	8.1454
321	GSM1426180_treat	6.82277014285714	5.498405	5.34494114285714	7.54818588888889	5.77203857142857	6.82922542857143	5.6297424	6.47899507692308	6.6120195	8.70671325
322	GSM1426181_treat	6.37964464285714	5.685964	5.52768171428571	6.58285544444444	6.06795571428571	6.87214071428571	5.5354402	6.50769746153846	6.47069715625	8.273968
323	GSM1426182_treat	6.45085278571429	5.327171	5.51190542857143	6.43737922222222	5.73128271428571	6.467939	5.3306514	6.54248707692308	6.71155728125	8.945301875
324	GSM1426183_treat	6.68252321428571	5.55702	5.54879028571429	6.94903277777778	5.82296728571429	6.72629314285714	5.2435738	6.39737461538462	6.34279665625	8.321183875
325	GSM1426184_treat	6.54106342857143	5.920214	6.14453057142857	6.52861144444444	6.16891414285714	6.10072957142857	5.1663266	6.39036430769231	6.22477346875	7.755441
326	GSM1426185_treat	6.55407842857143	5.543775	5.45925642857143	7.46650155555556	5.75775757142857	6.84625228571429	5.529804	6.57940946153846	6.3432274375	8.099364625
327	GSM1426186_treat	6.64654335714286	5.408892	5.76914557142857	6.77126022222222	5.70984014285714	6.76273728571429	5.4857202	6.56721653846154	6.94202675	9.040107375
328	GSM2332119_treat	7.21150107142857	6.224021	5.951628	9.22814911111111	5.670884	7.71847814285714	6.4336198	6.70993230769231	6.46842996875	8.60356925
329	GSM2332120_treat	6.68346678571429	5.413628	5.64581157142857	7.47456233333333	5.46629885714286	7.58953028571429	5.6051634	7.71066815384615	6.71938784375	8.96478275
330	GSM2332121_treat	6.68340321428571	5.93698	5.83837371428571	7.02808944444444	5.59877314285714	7.13986328571429	5.278061	6.90945384615385	6.58440575	8.172470375
331	GSM2332122_treat	7.13873735714286	5.943965	5.75078842857143	7.67572011111111	5.77335442857143	7.39739757142857	5.5321664	6.95243061538462	6.54918534375	8.6191625
332	GSM2332123_treat	7.22362764285714	5.630651	5.64008114285714	8.65128355555556	5.55011928571429	7.06578857142857	5.3797572	6.61400492307692	6.4268785	8.571973375
333	GSM2332124_treat	6.800293	5.861598	5.97397628571429	7.57265722222222	5.70338757142857	6.94186728571429	5.4172962	6.67849915384615	6.71404115625	9.030432375
334	GSM2332125_treat	6.58052071428571	5.687601	5.84193671428571	6.64736977777778	5.91657357142857	6.59095528571429	5.43483	6.510612	6.3480363125	8.04081825
335	GSM2332126_treat	6.67317457142857	5.193392	5.49391257142857	8.247667	5.58770642857143	7.13142842857143	5.9140678	6.85857223076923	6.6072795625	8.56315025
336	GSM2332127_treat	6.1837325	5.265476	5.47042714285714	5.925166	5.50224642857143	6.883527	5.777971	6.87758646153846	6.45589946875	8.01726525
337	GSM2332128_treat	7.38072578571429	5.719785	6.14234671428571	9.48896622222222	5.34008242857143	7.93151314285714	6.084886	8.01045369230769	6.82023303125	8.627589375
338	GSM2332129_treat	6.49958928571429	5.476534	5.84344485714286	7.13953977777778	5.50327271428571	6.72808628571429	5.2017234	6.69443538461538	6.43295540625	8.39759075
339	GSM2332130_treat	7.16221928571429	5.577388	5.85971971428571	8.36157411111111	5.37743714285714	7.39042114285714	6.389745	6.85243423076923	6.68639625	9.1316325
340	GSM2332131_treat	6.70470892857143	5.495169	5.93851271428571	6.52594777777778	5.79123042857143	7.20851928571429	5.281317	6.99914192307692	6.58529325	7.839163
341	GSM2332132_treat	6.38320535714286	5.592067	5.63250028571429	6.27178733333333	5.83839442857143	6.30563128571429	5.2702622	6.58053938461538	6.5219999375	8.24964125
342	GSM2332133_treat	7.05099214285714	5.578996	5.47411185714286	8.48032655555556	5.10484642857143	7.57312785714286	5.7449772	6.87103130769231	6.81955465625	9.213367
343	GSM2332134_treat	6.59629385714286	5.334922	5.69473642857143	6.69207377777778	5.70198157142857	7.658661	5.7408858	7.05403446153846	6.5926415625	8.284433625
344	GSM2332135_treat	7.5922385	6.252421	5.89168071428571	8.43349933333333	5.348745	8.00055942857143	5.709089	7.48504061538461	6.66508815625	8.77165825
345	GSM2332136_treat	6.47190735714286	5.044519	5.595896	6.63356522222222	5.64854471428571	6.64755114285714	5.2831612	6.53375515384615	6.4754186875	8.238859125
346	GSM2332137_treat	6.90888028571429	5.815336	5.82862085714286	8.17439122222222	5.33560185714286	7.49985257142857	5.7570586	7.12368423076923	6.71461646875	9.16485525
347	GSM2332138_treat	6.87719164285714	5.414979	5.76534171428571	8.46238988888889	5.57742885714286	7.26805171428571	5.6656384	6.89050676923077	6.67264990625	8.762069
348	GSM2332139_treat	7.05819485714286	6.055446	5.965378	7.61786311111111	5.82812042857143	7.65529928571429	5.5492416	7.16750876923077	6.6198055625	8.580636375
349	GSM2332140_treat	7.28810757142857	6.012865	6.090564	8.27313555555556	5.92920242857143	7.668966	5.9115668	6.816074	6.35301609375	8.150737875
350	GSM2332141_treat	7.62510692857143	6.265741	6.076986	8.34348555555556	5.88675242857143	6.68244842857143	6.5722534	6.568747	6.7429438125	8.863866125
351	GSM2332142_treat	7.18853442857143	5.61232	5.88928585714286	8.313447	5.70320457142857	7.76690942857143	5.7636682	7.10672823076923	6.94967115625	9.1974115
352	GSM2332143_treat	6.96222928571429	5.591341	5.62389985714286	7.19592444444444	5.86748914285714	7.44436842857143	5.3845016	6.83401084615385	6.444056125	9.008594875
353	GSM2332144_treat	7.38002221428571	5.55508	5.97614428571429	9.12665422222222	5.32838214285714	8.79024714285714	5.9445264	8.42427761538461	7.08260778125	9.676664
354	GSM2332145_treat	6.89114821428571	5.778485	5.83511771428571	7.609897	5.64534828571429	7.27563914285714	5.818603	7.66503984615385	7.02098490625	9.44996525
355	GSM2332146_treat	6.3177855	5.831647	5.65934785714286	6.54860466666667	5.88524071428571	6.34316214285714	5.3073372	6.41226853846154	6.262447875	8.43338475
356	GSM2332147_treat	6.92883214285714	5.717116	5.91472171428571	7.22700322222222	5.58774314285714	7.85062771428571	5.7208806	7.67414453846154	6.54304725	8.683861
357	GSM2332148_treat	6.69921414285714	5.861572	5.77920314285714	7.71564711111111	5.56411514285714	7.44665857142857	5.3945034	7.47798146153846	6.745346875	8.840941125
358	GSM2332149_treat	5.79053342857143	5.462076	5.27714457142857	5.69551388888889	5.87213414285714	6.49616228571429	5.0625648	6.46426738461538	6.3437798125	7.893042125
359	GSM2332150_treat	6.67595642857143	5.960417	5.64848771428571	6.78051411111111	5.71444957142857	6.95807357142857	5.4453274	6.70759015384615	6.69800678125	8.858482125
360	GSM2332151_treat	6.29935007142857	5.7459	5.35943785714286	6.55792566666667	5.78121642857143	6.15760928571429	5.06271	6.56905907692308	6.461415375	8.6118965
361	GSM2332152_treat	7.119459	5.025247	5.50532914285714	8.75634711111111	5.35148557142857	7.82341057142857	5.9643808	7.73129546153846	6.94432346875	9.56138025
362	GSM2332153_treat	6.71809721428571	5.742325	5.77254114285714	7.26939922222222	5.46563771428571	7.45295014285714	5.4418646	6.97051007692308	6.79781609375	8.988740125
363	GSM2332154_treat	6.90337385714286	5.794905	5.72143714285714	7.85546511111111	5.68838285714286	7.72730657142857	6.0374672	7.01830253846154	6.70392575	8.864637
364	GSM2332155_treat	6.859819	5.331726	5.52430214285714	7.667959	5.490617	7.14806085714286	5.279558	6.84721869230769	6.74029134375	9.19585
365	GSM2332156_treat	6.96977342857143	5.831388	5.78194442857143	8.23133022222222	5.71584414285714	7.22123742857143	5.6497592	6.74946853846154	6.5885281875	9.06179825
366	GSM2332157_treat	7.25363542857143	5.858751	6.23519014285714	8.67204711111111	5.76003271428571	7.66916614285714	5.9462266	7.44179192307692	6.7845715	8.924649375
367	GSM2332158_treat	7.01428014285714	5.741729	5.80985942857143	8.76914866666667	5.41451585714286	7.72671314285714	6.0453686	8.14189923076923	7.06102425	9.98568025
368	GSM2332159_treat	7.67183392857143	6.134112	6.31967657142857	8.38205411111111	5.62770742857143	8.040053	6.1967036	6.97618838461538	6.63221746875	8.89545875
369	GSM2332160_treat	6.94029478571429	5.983126	5.67142728571429	7.22376344444444	5.93480357142857	7.24950442857143	5.6280704	6.84879084615385	6.572519	8.8191505
370	GSM2332161_treat	7.64303621428571	5.888334	6.043455	8.75319122222222	5.37022385714286	7.661314	5.566774	7.37427192307692	7.014291	9.15893775
371	GSM2332162_treat	7.31245107142857	5.996057	6.00232914285714	8.097157	5.61149971428571	8.216363	5.7587664	7.975909	6.80875909375	9.263144125
372	GSM2332163_treat	7.46966964285714	5.974669	5.744012	8.84494477777778	5.47089114285714	7.50989928571429	5.9280254	6.58666776923077	7.05208875	9.365876375
373	GSM2332164_treat	7.46369907142857	6.144989	6.06688514285714	8.30536455555556	5.31539228571429	8.00454385714286	5.547116	7.66317761538462	7.08468028125	9.16343425
374	GSM2332165_treat	7.52892621428571	6.1663	5.90559857142857	9.28628477777778	5.37285214285714	7.86363814285714	6.0423694	7.33575146153846	6.5930465	9.056646375
375	GSM2332166_treat	7.07424492857143	5.634644	5.67661285714286	7.268584	5.86846471428571	7.46045685714286	6.1437526	6.84841561538462	6.58447234375	8.397248375
376	GSM2332167_treat	7.44544942857143	5.850079	5.71726385714286	9.24867555555556	5.35795242857143	7.29253871428571	5.834369	7.04550976923077	6.7108895625	8.818942125
377	GSM2332168_treat	6.7885785	5.651184	5.63553885714286	6.934795	5.43173342857143	7.34013142857143	5.354352	7.17826084615385	6.828819125	8.45915925
378	GSM2332169_treat	6.63048471428571	5.758386	5.97731428571429	6.37293111111111	5.93610028571429	7.41703485714286	5.5950044	7.13318615384615	6.60121759375	8.491966
379	GSM2332170_treat	6.95489992857143	5.354901	5.64640042857143	7.59891822222222	5.58941428571429	6.77242857142857	5.2135306	7.13761846153846	6.69787059375	8.9787355
380	GSM2332171_treat	6.80516192857143	5.50254	5.76826128571429	7.44820344444444	5.40938671428571	7.585524	5.8694856	7.95075815384615	7.3079126875	10.04322125
381	GSM2332172_treat	6.42996207142857	5.622744	5.665266	6.24760211111111	5.617653	6.75955942857143	5.3070346	6.61504976923077	6.7356500625	8.390688375
382	GSM2332173_treat	6.37242457142857	5.606615	5.41710428571429	6.47669255555556	5.94730871428571	6.290831	5.3691098	6.66213923076923	6.47753	8.41701775
383	GSM2332174_treat	7.32755464285714	5.931133	5.72874428571429	8.62284366666667	5.51447228571429	7.28807542857143	5.6502554	7.16137023076923	7.08680228125	9.649665625
384	GSM2332175_treat	6.68739207142857	5.556844	5.67512742857143	7.13336677777778	5.60326	7.15007757142857	5.455337	6.67436484615385	6.4499048125	8.078771625
385	GSM2332176_treat	7.23960192857143	5.954441	6.04231885714286	7.61341322222222	5.87339157142857	7.00668057142857	5.8689344	6.93819584615385	6.941832625	8.77018
386	GSM2332177_treat	6.81633814285714	5.908545	5.94076014285714	7.11300133333333	5.98637471428571	6.91459742857143	5.6552274	6.79514738461538	6.51483803125	8.16729225
387	GSM2332178_treat	7.01180228571429	6.221542	6.11192057142857	8.03111266666667	5.30204542857143	7.50307185714286	5.6895028	6.99776776923077	7.22577640625	9.311791125
388	GSM2332179_treat	7.31035485714286	6.127627	5.90149114285714	8.49873688888889	5.39763571428571	7.39787314285714	5.4163688	7.19432376923077	6.6118269375	8.993445375
389	GSM2332180_treat	6.68775521428571	5.896098	5.82401685714286	6.73212488888889	5.73357385714286	7.07649657142857	5.1900384	6.62618976923077	6.46745425	8.042656875
390	GSM2332181_treat	7.51789235714286	6.362563	5.98312857142857	8.78239177777778	5.83428614285714	7.09095185714286	5.888473	6.52625823076923	6.4367493125	8.151599375
391	GSM2332182_treat	7.20903764285714	6.089383	5.82265171428571	8.63882211111111	5.58909142857143	7.60945271428571	5.5555888	6.98846030769231	6.62285	8.811900625
392	GSM2332183_treat	7.2325325	6.115173	5.78215314285714	8.15444433333333	5.40960914285714	7.23889214285714	6.114298	6.53567746153846	6.8830969375	8.78718325
393	GSM2332184_treat	6.969818	5.734398	5.77725185714286	7.87932322222222	5.71904914285714	6.72105671428571	5.6423446	6.54663069230769	6.43277771875	8.0386165
394	GSM2332185_treat	7.05528921428571	6.162348	6.03872614285714	7.89233822222222	5.64017785714286	7.674364	5.5653358	7.00117284615385	6.686338375	8.53288075
395	GSM2332186_treat	6.71295242857143	5.926864	5.75843014285714	7.01279033333333	5.62043057142857	7.10251942857143	5.320207	6.99635407692308	6.69094509375	9.260686625
396	GSM2332187_treat	7.15331414285714	5.898582	5.90289528571429	8.40504377777778	5.59967271428571	6.92354814285714	5.475734	6.74244092307692	6.57432334375	8.70516325
397	GSM2332188_treat	6.62193542857143	5.716184	5.455475	6.69359711111111	5.73277642857143	6.89958528571429	5.0846728	6.74478730769231	6.51153096875	8.330961875
398	GSM2332189_treat	6.95110007142857	6.2407	5.88761442857143	7.168456	5.63232942857143	7.590965	5.505731	7.08766023076923	6.776950125	8.44517025
399	GSM2332190_treat	6.49178278571429	6.052292	5.81750142857143	6.83091077777778	5.78772814285714	6.81084942857143	5.2445652	6.68542261538462	6.54720771875	8.48444875
400	GSM2332191_treat	7.33626507142857	6.116439	5.91671542857143	8.24700066666667	5.61481271428571	7.01741614285714	5.9094772	6.63867515384615	6.5719556875	8.592696625
401	GSM2332192_treat	6.70291764285714	5.822948	5.85346814285714	6.56689455555556	6.00610485714286	7.25271542857143	5.555718	6.711702	6.54712159375	8.280626375
402	GSM2332193_treat	7.10331285714286	5.923682	5.765984	8.13626888888889	5.66175785714286	7.68129085714286	5.7622358	6.66009646153846	6.43392428125	8.4046835
403	GSM2332194_treat	6.48013157142857	5.33079	5.47040285714286	7.30344488888889	5.42128142857143	7.67663028571429	5.615339	8.41730246153846	6.9945945625	9.373648125
404	GSM2332195_treat	7.26552014285714	6.033911	5.932849	8.25749522222222	5.61343414285714	7.381668	5.4346534	7.31717823076923	6.7421374375	8.8538975
405	GSM2332196_treat	7.26407807142857	6.937824	6.28647328571429	7.81757266666667	6.12352285714286	7.52041285714286	6.3359932	7.34049023076923	6.49334790625	8.51688675
406	GSM2332197_treat	6.46278671428571	5.65375	5.60304614285714	6.89083066666667	5.63245914285714	6.88751957142857	5.3905094	6.69394169230769	6.4893391875	8.502520125
407	GSM2332198_treat	7.59350342857143	5.724268	5.85969614285714	9.44903977777778	5.46650557142857	7.63880957142857	5.9867046	7.07107484615385	6.6544399375	8.729018375
408	GSM2332199_treat	7.36752564285714	6.421395	6.32147728571429	8.23612177777778	6.17831657142857	7.926657	6.8808208	7.08874584615385	6.190062875	8.147186
409	GSM2332200_treat	6.83266421428571	5.550151	5.92583842857143	8.09454111111111	5.578998	7.33587871428571	5.7117406	6.82223423076923	6.66522553125	8.51517225
410	GSM2332201_treat	7.02815407142857	5.566597	5.563879	9.28127866666667	5.537953	7.71657785714286	6.2342812	7.69733492307692	6.96538965625	9.920378625
411	GSM2332202_treat	6.84980221428571	5.952113	6.00270228571429	8.13782366666667	5.43972157142857	7.734608	5.6859902	7.31458207692308	7.2702030625	9.161314875
412	GSM2332203_treat	6.84264235714286	5.30327	5.57796542857143	7.77764911111111	5.39397228571429	7.41397228571429	5.4302902	6.87136138461538	6.6017856875	8.665179125
413	GSM2332204_treat	7.36078085714286	5.9161	5.67674371428571	8.43790544444444	5.72887828571429	7.06284642857143	5.3775346	6.773389	6.55730209375	8.67569725
414	GSM2332205_treat	6.770736	5.567817	5.703433	7.68840266666667	5.25682242857143	7.46881442857143	5.723997	7.09866553846154	6.96680115625	9.08952075
