id	logFC	AveExpr	t	P.Value	adj.P.Val	B
SLC6A14	4.61089249267987	9.55702561835749	28.4646935701956	1.1961212356653e-99	1.94381662007968e-95	216.664965469183
TIMP1	2.06837466634134	10.6879290797101	26.3069424022604	1.72690640171518e-90	1.40319779671367e-86	195.703030140873
SLC23A1	-1.98873072399609	6.70901045410628	-25.0364063626662	5.27642119424765e-85	2.6373591880235e-81	183.145420736058
LPCAT1	1.46249100732013	9.71410363768116	25.0156735806544	6.49156159749801e-85	2.6373591880235e-81	182.939325335999
AQP7	-1.32798467672895	6.49860954347826	-24.3672562758501	4.3141613178848e-82	1.40218871153892e-78	176.476154115581
NAT8B	-1.74456343704685	6.02811758454106	-24.3293557526705	6.3140782254181e-82	1.71016808735449e-78	176.097362094803
ABCG2	-3.28762633519241	7.38630297101449	-23.8246769273661	1.01671869890228e-79	2.36038508226585e-76	171.043433121965
SLC19A3	-1.42852710561907	6.22799399758454	-23.7591019407626	1.97020483253555e-79	4.0022248416919e-76	170.385444057941
RBPMS	1.17541366194925	7.9558440410628	23.4566678347044	4.17991181531642e-78	7.54752743452302e-75	167.347101454352
PRKG2	-2.27251313817624	4.96567424637681	-23.4020908732174	7.25838885449978e-78	1.17956077274476e-74	166.7981820802
ACOX1	-1.26161786921361	9.26210852173913	-23.2869782043711	2.32600689553229e-77	3.43635800539047e-74	165.639810500921
ABCB1	-2.21296727948968	7.35688843478261	-23.0877098259211	1.74958567914001e-76	2.36937640597536e-73	163.632715928528
CXCL1	3.10316891271612	10.0984662657005	23.0780936364857	1.92863160447208e-76	2.41093786186737e-73	163.535800374317
RUNDC3B	-1.43940040302565	6.31701781884058	-23.0701848319566	2.08954644519457e-76	2.42551566291835e-73	163.456088545712
PI3	2.56527349972113	10.8035622004831	22.8928679609717	1.26103531345939e-75	1.3662056586019e-72	161.668018600875
SLC38A4	-1.97889581413831	4.92657506763285	-22.6294234092115	1.8277597327205e-74	1.85643271352756e-71	159.008339419843
DUOX2	4.08014885262131	10.8408314492754	22.5474426470965	4.20312539833711e-74	4.01794063813979e-71	158.179966416862
SLC25A34	-1.37944467868098	7.39264449033816	-22.4571960397338	1.05159509692143e-73	9.49415106670565e-71	157.267699582424
SLC22A5	-1.58500950801729	8.22839350966184	-22.2794552700393	6.40794863424822e-73	5.48081964500883e-70	155.469899381708
BACE2	1.16577010192415	10.3448329903382	22.2672346080491	7.25612982968054e-73	5.76700361373849e-70	155.346239501594
ACSF2	-1.95301111628556	7.96596245410628	-22.2646123649065	7.45228452947562e-73	5.76700361373849e-70	155.319704402497
SLC36A1	-1.15094505235639	7.53712769323672	-22.2305806527491	1.05352284129005e-72	7.78218167900205e-70	154.975302877348
DAPP1	1.54193475745957	7.09226092995169	22.1722875665549	1.90649297125709e-72	1.34706162069126e-69	154.385262742542
TRHDE	-1.79065600843557	5.41969614975845	-22.1645746820758	2.06215906356137e-72	1.39633945591399e-69	154.30718271555
BMP3	-2.13306088922197	6.1474098236715	-22.0913412160805	4.34537627331915e-72	2.82466839270838e-69	153.5656964824
CYP2B6	-2.49497797831846	6.88648408454106	-22.0451814709041	6.9519807311304e-72	4.34525534083078e-69	153.098221210676
CD55	1.77704588496932	10.8056635748792	22.0127237001535	9.67457179283743e-72	5.82301726686671e-69	152.769460970158
ASPHD2	1.12230171158673	8.00197863285024	22.0027863468934	1.07047519649967e-71	6.21296157797002e-69	152.668798853054
PHLPP2	-1.76466337395426	8.14934042753623	-21.9113002289175	2.71781226291122e-71	1.52300576153691e-68	151.741901285546
RHOU	-1.34460524993028	8.65353000483092	-21.8382772632207	5.71863823930918e-71	3.09226959691094e-68	151.001846738868
ETFDH	-1.24415334739263	8.40252824396135	-21.8352339132639	5.898735924204e-71	3.09226959691094e-68	150.970999703838
NAALADL1	-1.8321182786531	7.05329234299517	-21.8097203021781	7.64993773121418e-71	3.8849730646863e-68	150.7123842024
PDE6A	-1.848721375	5.60655542995169	-21.8036411409025	8.13879071156133e-71	4.00798448041161e-68	150.650760262158
SLC23A3	-1.53164208832962	6.70061208454106	-21.7375159722779	1.59667435925974e-70	7.6316338271559e-68	149.980374846174
PARP8	1.27474287953151	8.26235822222222	21.6802732016291	2.86160983838228e-70	1.32868632810144e-67	149.399924715657
PITPNC1	1.24802203736754	8.36376403623188	21.6653525353611	3.3317037750564e-70	1.50398661245671e-67	149.248609832947
INPP5J	-1.31428034258226	7.25654629951691	-21.6392759830062	4.34628468123808e-70	1.90895871229189e-67	148.984143162511
C2	1.54918285025097	7.98497799033816	21.579395207329	8.00329430913911e-70	3.33491117481589e-67	148.376757874945
LCN2	2.67958727140268	11.5419542222222	21.5550434373749	1.0259136768915e-69	4.16803079079095e-67	148.129721462298
IFITM3	1.0723243220859	10.0816886497585	21.5003413743069	1.79219761538873e-69	7.10365937748348e-67	147.574734444888
PDK2	-1.20346276066647	7.27361794202899	-21.4805772321598	2.19245129184287e-69	8.48322046279488e-67	147.374194057214
GCNT2	-1.17766701094534	6.00842201449275	-21.2521134112931	2.25532969416692e-68	8.32985519543332e-66	145.055308734299
MEP1B	-3.71279525550752	6.39020842753623	-21.248778970251	2.33339518153969e-68	8.42666779893366e-66	145.021455134561
AMACR	-1.35825238768823	7.63444848067633	-21.067293865373	1.48758758914363e-67	5.14357147046238e-65	143.178534186833
DPP10	-1.55747539347462	4.80273485990338	-21.0545318707492	1.69459077266422e-67	5.50775892931325e-65	143.048915846024
S100P	1.73650216034578	10.5813784082126	20.9590594226412	4.49154261299323e-67	1.43121684321084e-64	142.079150198382
PAQR5	-1.41935496256274	7.05239091545894	-20.9459560436831	5.13454263843802e-67	1.60464331571647e-64	141.946040132952
CDH3	2.44612614549638	8.04187529710145	20.9194667207058	6.72931353733755e-67	2.06335989236363e-64	141.676941330472
CXCL3	1.71917026708032	8.07594435024155	20.7648804349725	3.26272465362824e-66	9.81898858261344e-64	140.106336112683
WSCD1	-1.21864407013384	6.63880554347826	-20.4868055132585	5.586627766505e-65	1.53878453955038e-62	137.280435500556
PLA2G12B	-1.59442871228388	5.96692793236715	-20.3943427865216	1.43671652586827e-64	3.82755414129267e-62	136.340682505473
CNTFR	-1.34117228520636	6.54197400724638	-20.3096501050593	3.41293931488895e-64	8.94575432359036e-62	135.479879363743
AQP11	-1.26239198424427	6.58217370289855	-20.2503811941918	6.25301433181469e-64	1.56334978317416e-61	134.877475407294
IRAK3	1.75039800585611	7.45662995652174	20.2226529725995	8.30064923477165e-64	2.01334105543693e-61	134.595648799665
DEPDC7	-1.10612383163692	5.8156263115942	-20.1452737933218	1.82986526752484e-63	4.18832964261213e-61	133.809182848291
CD44	1.16196651491914	9.68032480434783	20.1170822234374	2.44058669015051e-63	5.50860754189387e-61	133.522654008722
TMEM63C	-1.393570273773	5.69480993719807	-20.1029372776779	2.82000174483596e-63	6.27778744593551e-61	133.37889113334
DUOXA2	3.13854859195482	8.84089779710145	20.0949874922799	3.05857432619556e-63	6.71687721283839e-61	133.298093474009
CDC14A	-1.05067550522866	6.92073649758454	-20.0833914996426	3.44322231459107e-63	7.46077411125592e-61	133.180238114562
FGFR2	-1.13330859369771	6.5576862826087	-20.0631541114725	4.23397437035983e-63	9.05346282798916e-61	132.974557941136
LIPC	-1.05346863768823	4.92929902898551	-20.0600551761819	4.37015221700732e-63	9.16207744114049e-61	132.943062491986
CALU	1.09887087904351	9.05689378985507	20.0594439000821	4.39752655472869e-63	9.16207744114049e-61	132.936849907994
ENPP1	-1.23914627900167	7.27374651932367	-19.9909308644451	8.85437482304017e-63	1.82142335758514e-60	132.240545830834
SLC25A20	-1.03674123807863	8.49600316425121	-19.9817526580094	9.72466808412157e-63	1.97544476293825e-60	132.147269347333
ARNTL2	1.4480815174289	7.29136554589372	19.9314027868282	1.62642694005336e-62	3.26309434602557e-60	131.635584483014
B4GALNT2	-2.07535308456497	6.59852243961353	-19.9001910967195	2.23712145037042e-62	4.43359276706948e-60	131.318404169312
CCNJL	-1.1461375376464	7.6660240821256	-19.852792583441	3.63028963561316e-62	7.02331391289875e-60	130.83674809622
CNTN4	-1.01393711279977	5.38565268357488	-19.7925251625669	6.71833440366337e-62	1.28446649875216e-59	130.224356326496
GNA15	1.27646772476297	7.58238207004831	19.7865356240376	7.14212734166806e-62	1.34961292359823e-59	130.163497590289
LRP8	1.41317964040714	7.52806119806763	19.7424263211749	1.12063329031284e-61	2.04622602257012e-59	129.715324557854
RBKS	-1.06727520356944	6.6965246352657	-19.6588947440881	2.62974847668303e-61	4.69626840599736e-59	128.866677406848
KYNU	2.40472383526213	7.06271681884058	19.6258601482265	3.684722939901e-61	6.43875618240119e-59	128.531089587292
CPT1A	-1.03200214689069	9.1789440942029	-19.5992252955348	4.83626616616966e-61	8.27306962804454e-59	128.260528262747
PDZK1IP1	1.72351928959844	10.7673423405797	19.5725827908818	6.34810364627806e-61	1.07461492037151e-58	127.989901884976
METTL7B	-1.60236467449803	8.52561454589372	-19.438506508033	2.4948932423763e-60	4.01430792889676e-58	126.628207268448
WDR78	-1.38121687771891	6.10659045652174	-19.3259627813834	7.8680298151326e-60	1.20625804269547e-57	125.485507095784
PHYH	-1.0698900134551	8.31154243719807	-19.3235194574403	8.06666026043241e-60	1.22515229805876e-57	125.460702518357
FRMD1	-1.21050589563581	6.50139439855072	-19.3128639729257	8.99318559916731e-60	1.35322462196359e-57	125.352530037728
PHLDA1	1.64970393607082	8.5293960821256	19.3076841050976	9.48129564890172e-60	1.41358289532387e-57	125.299946051245
ACADS	-1.2077658100251	8.43702927777778	-19.2946925472158	1.08252346077264e-59	1.59928079645602e-57	125.168063935654
BHLHE40	1.11654828799498	8.84788588647343	19.248481039018	1.73459907906826e-59	2.53448906915823e-57	124.698990389243
SEMA5A	-1.16303686823759	7.9914073115942	-19.2477973439949	1.7467403590285e-59	2.53448906915823e-57	124.692050927173
CXCL2	1.95981778555493	7.79691093236715	19.2375907912996	1.93842855811276e-59	2.78773473432658e-57	124.588456599521
CHI3L1	3.46805295991355	8.74672220289855	19.1515686824461	4.66155166345199e-59	6.5873805289355e-57	123.715469827779
C7orf31	-1.10660059934467	7.11063456763285	-19.0656575025541	1.11949615882804e-58	1.55495145958244e-56	122.843834682946
UGT2A3	-2.89574651366424	5.82492162077295	-19.0537036870132	1.26461032935643e-58	1.74162563240435e-56	122.722572953472
SLC17A4	-2.09513413259898	7.36236295652174	-19.025596643275	1.68427397040339e-58	2.30009548680887e-56	122.437468804878
FMO4	-1.30335233616844	6.9722992173913	-19.0203330402169	1.7771263806575e-58	2.40667340100541e-56	122.38408037472
TRIM22	1.40384494304239	8.42426678985507	18.994239151877	2.31871694457968e-58	3.11417099722019e-56	122.119425715796
DHRS11	-2.00428626101505	9.14359632850242	-18.9705052148127	2.95338206892254e-58	3.87059774210163e-56	121.878727453555
APOBEC3B	-1.86959513476017	7.92767130917874	-18.9682294272237	3.0226945244074e-58	3.92974469729157e-56	121.85564855981
HSD17B2	-1.62135314403234	9.35842119323672	-18.9668330433378	3.06602601495559e-58	3.95444355309868e-56	121.841487842289
GBA3	-2.72855380200781	6.51439528502415	-18.9544179463163	3.47963926272812e-58	4.4177826295777e-56	121.715589547021
KDELR3	1.2901393167875	8.97318362318841	18.9456323751183	3.80560922158856e-58	4.79418259380121e-56	121.626500726858
SCUBE2	-1.31998225341606	6.91518346859903	-18.9305383653471	4.43849843792602e-58	5.54846447036429e-56	121.473448719777
PECAM1	1.67189509815952	9.86232342995169	18.9181922866092	5.03363650703002e-58	6.19709294513219e-56	121.348266795377
IFI16	1.32057932794199	9.07048870289855	18.8318876445857	1.2128591687858e-57	1.46001291495837e-55	120.473351822553
ABCA12	2.75145312444228	6.97002701449275	18.8091042175324	1.52972718395697e-57	1.81456908514487e-55	120.242433497216
ANXA5	1.07758642624093	10.062192352657	18.7772015430301	2.11714053022668e-57	2.49316309831259e-55	119.919124005048
NAT8	-1.09899241292526	5.27091012318841	-18.734550227014	3.26894893067207e-57	3.76763752286184e-55	119.486951858511
ANXA1	1.64254628186001	9.74253154347826	18.7314349253098	3.37432305192242e-57	3.86169886737967e-55	119.455388550399
CDKN2B	-1.204066336029	8.32119483333333	-18.6951495974091	4.88267657416338e-57	5.51030395880063e-55	119.087787594489
CNGA1	-1.32683652237869	5.30441285024155	-18.6942071549592	4.92975757670603e-57	5.52506830200343e-55	119.078240630348
NPY	-1.11471563120468	6.14958918599034	-18.6896671139893	5.16299837099354e-57	5.74684154294631e-55	119.032250462009
APOL1	1.67057996123815	9.03875692995169	18.63253745224	9.23633754796456e-57	1.02108654076171e-54	118.453612070714
C1orf115	-1.11610606894869	8.4529233115942	-18.6219235869851	1.02901506975153e-56	1.12990026341433e-54	118.346125911015
NAAA	-1.12733251038762	8.45768543961353	-18.5812410985654	1.55686316256556e-56	1.67553531489092e-54	117.934185131681
RPS6KA6	-1.33041615267707	6.13407605072464	-18.5802168567893	1.57317653540908e-56	1.68195341295611e-54	117.92381492934
AQP8	-4.04511788615449	7.97162090096618	-18.5745675620271	1.66627327788946e-56	1.76984359731906e-54	117.866618080507
MIER3	-1.30160919032348	8.67859997584541	-18.5535509864732	2.06361907651318e-56	2.16360474918811e-54	117.653847209517
TNIP3	3.483610398773	7.87712832608696	18.541568448844	2.33121609324472e-56	2.42849953405897e-54	117.532546173162
SLC16A1	-1.42830538880368	8.21823238164251	-18.5337466690474	2.52433363867676e-56	2.59638898494532e-54	117.453368925659
MMP7	3.01893459592861	7.33685100966184	18.4484974361541	6.00862352984526e-56	5.99056079653468e-54	116.590619160215
CHAD	-1.41553476324596	6.19133639855072	-18.4166266381961	8.30878887765283e-56	8.23330049089854e-54	116.2681727724
SLC3A1	-1.57137196918572	6.70763085024155	-18.3918583215116	1.06884601443054e-55	1.04637449280185e-53	116.01762160208
SGK2	-1.67028794150865	8.3825786884058	-18.3440085524024	1.73852224673437e-55	1.67175887761422e-53	115.533677564037
VLDLR	-1.44990331413832	5.9887052173913	-18.2989055329069	2.74959020334251e-55	2.59788316247204e-53	115.077630161204
PCK2	-1.13579916885109	9.05150935507246	-18.2925655054567	2.93257621057727e-55	2.75475699410932e-53	115.013533869116
HMGCS2	-3.25783061809816	9.03819236714976	-18.2258053394121	5.77870656896491e-55	5.36627202584279e-53	114.338744598956
MMP3	4.22229823096766	8.87420539855072	18.1956339372031	7.85101514672966e-55	7.16780040165751e-53	114.03386864348
VNN1	2.88607216285556	8.38029232125604	18.1901059728306	8.30441006130845e-55	7.53938368191752e-53	113.978015617546
DUSP4	1.32206308484384	7.0101089468599	18.1700731097645	1.01780333428584e-54	9.18057874324761e-53	113.775624678698
IFITM2	1.1510073131623	9.96763752657005	18.1686420530875	1.03270231779761e-54	9.22112382776321e-53	113.761167729149
CROT	-1.09482879810374	6.83337738888889	-18.1412478578431	1.36388977442748e-54	1.21117883738913e-52	113.484447983155
HSD3B2	-2.32962195119911	5.35481311835749	-18.1357537974716	1.44213133836642e-54	1.2736998032496e-52	113.428955885749
TUBAL3	-1.69692437730062	7.21366952415459	-18.1244487252235	1.61752467522546e-54	1.42088613497778e-52	113.314776302082
DRAM1	1.31183828248745	8.02580020289855	18.1183897258582	1.72014364734687e-54	1.50290615123838e-52	113.253584595787
HLA-DMA	1.19809287925266	10.2054702028986	18.103110225192	2.00875415981856e-54	1.74568255888831e-52	113.099282500705
ANK3	-1.11674543139989	7.4782025	-18.0961986584467	2.15474273033801e-54	1.85273672543508e-52	113.029489983838
UGT1A1	-1.59278520078081	8.15730597342995	-18.0798309615479	2.54416224494719e-54	2.17606213908615e-52	112.864222309823
TMEM56	-1.54208066299499	8.13736143961353	-18.0629305267834	3.02019330921626e-54	2.55631049312882e-52	112.693593586974
LRRN2	-1.06930814912158	6.4330366884058	-18.0262932799177	4.38014743414976e-54	3.6881749198118e-52	112.323763685408
ZBP1	1.51654295865867	7.79145894444444	18.0121932723133	5.05376323779143e-54	4.21172853217172e-52	112.181456593429
RAVER2	-1.11585675683212	8.56598700483092	-17.994586499198	6.04204912224267e-54	4.98423047134851e-52	112.003775409857
TRIM29	1.49674041341327	7.28619576086956	17.9496792417885	9.5277290318535e-54	7.74175622483256e-52	111.550682514912
SLC6A4	-1.52122871144729	5.17873433091787	-17.9385460477837	1.06664314886825e-53	8.62388945883481e-52	111.438375229177
CFB	1.46260266543503	9.06012119806763	17.9213507512806	1.26980988356057e-53	1.0165359811696e-51	111.264932711975
CHN2	-1.08091469206637	7.62428573671498	-17.9008586373392	1.56301891691203e-53	1.2330398261523e-51	111.058263404739
PPP2R3A	-1.12461108184606	6.64322088888889	-17.8954359961419	1.65134445684791e-53	1.29642506126741e-51	111.003579333974
WARS	1.4734868162995	9.56449335507246	17.8225311114218	3.457143164282e-53	2.67533493155937e-51	110.268581603351
ELK3	1.03888414856386	7.84534470289855	17.799948555108	4.34587690529443e-53	3.34714907999714e-51	110.040991696273
SLC39A2	-1.16868702781651	4.9899254589372	-17.7622658530845	6.36560717357424e-53	4.7671650773159e-51	109.661304851329
TRIB2	1.39017096388734	7.76856311835749	17.736450628941	8.26745727732159e-53	6.16304808319968e-51	109.40125509145
PDZD3	-1.40468304350251	7.39698888164251	-17.6950938289	1.2566329236783e-52	9.1576419922404e-51	108.984753413248
IDO1	3.14606684934469	8.32058069806763	17.6903357825074	1.31863575446634e-52	9.5665846633181e-51	108.936843915233
PTPN13	1.01800876519799	6.51860179227053	17.683454224725	1.41375741705109e-52	1.02110985708877e-50	108.86755557716
CYP27A1	-1.22140988796709	7.95919191304348	-17.6771982179624	1.50616919840476e-52	1.07827117371259e-50	108.804568935992
GPX8	1.21139627649192	6.96043607487923	17.6555345340926	1.87537589212094e-52	1.32507537490684e-50	108.586478692196
PBLD	-1.77187083630787	7.72526380434783	-17.6549206245355	1.88706259316917e-52	1.32756078794772e-50	108.580298949326
HAPLN3	1.45421247099832	7.69405964251208	17.6536261880656	1.91194319105144e-52	1.33926675852487e-50	108.567268977061
OAS2	1.23429965588399	7.66771039855072	17.6376577177751	2.24722807998582e-52	1.5540299373553e-50	108.406539142867
SULT1A2	-1.5155131648773	9.12626702415459	-17.6355975507854	2.29456179466528e-52	1.5800391408943e-50	108.385804114494
TGM2	1.51471792157	8.70968406521739	17.6246944570689	2.56216298633356e-52	1.75686542999606e-50	108.276073051411
SAMD9L	1.30262704343279	9.4155024879227	17.549763227809	5.46681754318995e-52	3.70171882893249e-50	107.522209733775
ELL2	1.03246534355829	8.43602211111111	17.4463704145968	1.55434587474375e-51	1.03100713512085e-49	106.482769931585
PTGR1	-1.17958036949247	7.89385682608696	-17.3778904384317	3.10386671173017e-51	2.02574047920992e-49	105.79482754936
S100A8	3.46986080479644	8.73945594202899	17.3744104361249	3.21485742361295e-51	2.08978591964536e-49	105.759878900721
TCN1	3.10233373173453	7.35621011111111	17.3339552816345	4.83626279987023e-51	3.11881376034488e-49	105.353679420216
COL6A3	1.66331819499443	9.28359446618357	17.3219972585253	5.45656792176863e-51	3.50492827259534e-49	105.233640451743
CTSK	1.66826050146402	9.26264246135266	17.3157029259666	5.81438981190843e-51	3.70547642483623e-49	105.170460903358
SLFN5	1.14298199051869	7.79855552415459	17.2988084801309	6.89501884097946e-51	4.3430601234402e-49	105.000900367741
ENTPD5	-1.5846569198271	9.16513502657005	-17.2621482551389	9.98024791928902e-51	6.12033995986286e-49	104.633052005094
GRAMD1C	-1.05322390839376	6.88590061352657	-17.2564654964523	1.05689608649253e-50	6.43281584329216e-49	104.576042467453
LEAP2	-1.39228571263245	6.61161987198068	-17.21769321421	1.56251190079044e-50	9.36988225082855e-49	104.187159414402
PLCD1	-1.31738742895985	7.74318230434783	-17.1349821268151	3.59603771789242e-50	2.11736264324166e-48	103.35805477176
ZC3H12A	1.21017473989124	8.59985026811594	17.1070240484112	4.7656629868521e-50	2.77587058062127e-48	103.077951181897
C4BPB	1.79381734132738	7.42902815217391	17.0721274664233	6.77216022826749e-50	3.87515407991461e-48	102.728441975131
SLC26A2	-3.03528427718907	9.14346283091787	-17.0700041815971	6.91848060824376e-50	3.94499046893226e-48	102.707180009198
NPY1R	-1.32510320224484	5.18936882608696	-17.0563914446504	7.93458456298587e-50	4.49285483390535e-48	102.570876781056
KRT12	-1.41099315337423	6.20307309661836	-17.0556079474327	7.9974091699334e-50	4.51270473682596e-48	102.563032258035
G6PC	-1.76062012939208	5.00274342028986	-17.0420606586102	9.16575384469584e-50	5.15407147855198e-48	102.427404089572
SERPINB5	2.22632755103179	7.70066791545894	17.0070769536655	1.30332957812316e-49	7.17979965223032e-48	102.077252831031
ACOX2	-1.00262875111545	7.24884056280193	-16.9931587569762	1.49921746728175e-49	8.20329395986389e-48	101.937980918572
IL1RN	1.85494971381762	7.52363637439614	16.9627717487706	2.03516363993669e-49	1.09514716266924e-47	101.63398450558
SELP	2.08197133561072	7.55717768115942	16.9132195719341	3.34935205565919e-49	1.79638020648572e-47	101.138465226024
MTMR11	-1.11389666376186	9.09965685748792	-16.9086766125149	3.50583348672526e-49	1.86917969309504e-47	101.093048930326
SLC5A12	-1.16415180089235	4.88506798309179	-16.9086125762226	3.50809061838647e-49	1.86917969309504e-47	101.092408770649
MSN	1.22651586468209	9.69568471256039	16.8283653262227	7.8559804884359e-49	4.13163556367546e-47	100.290539592413
STAT1	1.02444015665088	10.1665903405797	16.8229725357761	8.2931410076006e-49	4.34747853272637e-47	100.236677475141
LYN	1.14941879273564	9.52362156038647	16.8094716665518	9.49712232372832e-49	4.9467222718881e-47	100.101847589851
CHP2	-2.2621417455382	8.78264359178744	-16.7973673105766	1.07242737300827e-48	5.56805662580109e-47	99.9809815474298
FSTL1	1.41355387416341	8.92847662318841	16.7638488021689	1.50132371351951e-48	7.72088976848275e-47	99.6463735239192
OSMR	1.625643031372	7.16716865217391	16.7498910689598	1.72702971923232e-48	8.82577357460515e-47	99.5070737995044
CYP4F12	-1.30814955751534	7.57415184299517	-16.7197604094106	2.33653255394473e-48	1.1903131828889e-46	99.2064419554635
SLC7A11	1.68939210499163	7.71026619806763	16.7107981418604	2.55628747375201e-48	1.29013129614733e-46	99.1170400134348
GABRP	1.46247546214445	6.78857071497585	16.7092783666507	2.59554843986252e-48	1.30589033115188e-46	99.1018806072758
PCK1	-3.03001481330173	8.04446464734299	-16.6922754553752	3.07806844923788e-48	1.54387933236311e-46	98.9322986495674
GUCA2B	-2.31882213950084	9.00761653381642	-16.6898556402063	3.1536653905402e-48	1.57692973112827e-46	98.9081668509968
IL1B	2.85793506622978	8.81107530676329	16.6886641937605	3.19156566035835e-48	1.59098569160992e-46	98.8962853060272
PIM2	1.81891769827105	9.53535575845411	16.6803582523135	3.46872740224199e-48	1.72386204935274e-46	98.8134599576717
MMP10	2.67960432285276	6.9752477173913	16.6678799169268	3.93095312345378e-48	1.93581573361356e-46	98.6890433273876
UBD	1.93966751742889	8.55424783574879	16.6506167448341	4.67352690642837e-48	2.2876351131436e-46	98.5169489296152
HSPB3	-1.30693577837423	4.75462612077295	-16.6453849530568	4.92510925782232e-48	2.40354205852464e-46	98.4648007529111
FKBP11	1.02596396075014	8.48974740338164	16.633904308223	5.52560688161426e-48	2.68049663979443e-46	98.350378076594
PITX2	-2.05760158386782	5.45607760628019	-16.6031791791391	7.51733305121886e-48	3.62504983428361e-46	98.0442305927067
REG4	2.2299012396821	10.1312972294686	16.5895141230526	8.61994358059555e-48	4.0959854715865e-46	97.9081070757479
PPARGC1A	-1.49001850794757	7.13088837922705	-16.5781645108325	9.65752814815499e-48	4.5359679172158e-46	97.7950657081511
ITGA5	1.56962669841049	8.54307503623188	16.5603472678718	1.15436473499237e-47	5.40621939722218e-46	97.61763847227
SLC30A10	-2.25247562269938	7.22977246618357	-16.5147952848391	1.82115799374911e-47	8.33679959335684e-46	97.1641991233809
MMP12	2.40304153248745	9.68270861835749	16.5080718659788	1.94788649465145e-47	8.86697574918227e-46	97.0972935241669
STRADB	-1.00120179859174	9.15788864492754	-16.4993606545233	2.12526893762261e-47	9.64741494561594e-46	97.0106154329439
P2RY1	-1.12989178945901	6.70812235507246	-16.4947187868861	2.22628719028686e-47	1.00778253842205e-45	96.9644318590978
RAB31	1.3991773754183	9.39931347584541	16.4926449310366	2.27295583471209e-47	1.02605014638628e-45	96.943799199472
CNNM2	-1.0660887002928	7.30225401449275	-16.4866380397375	2.41371774001726e-47	1.08657415493132e-45	96.884040028286
C1R	1.39309449539878	9.4654230410628	16.4176157765455	4.81280569556573e-47	2.11386230699024e-45	96.1977000887021
ADAMTS9	1.14018403123257	7.27197811835749	16.4107111638303	5.15662691485785e-47	2.2587693798748e-45	96.1290754198648
FLVCR1	-1.16027215727831	7.72703692270531	-16.4000457645238	5.73654677279016e-47	2.50603821517777e-45	96.0230843716119
CYP4F2	-1.59726770872839	6.45594424637681	-16.3897407141	6.35866056349427e-47	2.76295702720175e-45	95.9206882103607
ENTPD1	1.35879555472671	8.2665440942029	16.3886801918207	6.42638989574451e-47	2.78494032521984e-45	95.9101510992703
RETSAT	-1.05265007278304	9.96601195169082	-16.3856610125167	6.62317830768859e-47	2.85499391719489e-45	95.8801540015633
ADH6	-1.42685293070274	6.98190050241546	-16.3565177601099	8.86104712166099e-47	3.76965646005531e-45	95.590661110769
IL33	1.55526023529002	6.51387000724638	16.3501469191568	9.44309667120592e-47	3.99634802093144e-45	95.5273913288148
SLC7A5	1.2670965372281	7.83506066666667	16.3272739088514	1.18656804442957e-46	4.99557442746762e-45	95.3002794962689
THY1	1.57360165142219	8.08031436714976	16.2949893586343	1.63768252748411e-46	6.80664418264558e-45	94.9798346551881
MT1F	-1.4609437177217	10.835341236715	-16.2900094734997	1.72111441706238e-46	7.13516081420427e-45	94.9304183264274
HEG1	1.25297166062466	8.16232711111111	16.2876277211467	1.76250526703603e-46	7.26966322198034e-45	94.9067849132947
SAA2	2.33313122859732	7.57049589613527	16.2747048853038	2.00503717042502e-46	8.2075211729413e-45	94.7785686034106
RAC2	1.2082961317624	9.689997852657	16.2516838413536	2.52257629053808e-46	1.02485968243836e-44	94.5502161164543
SERPINA1	1.06681306776353	10.2516706425121	16.2276495009211	3.20570169682518e-46	1.29270119789345e-44	94.3118881840889
AGPAT4	1.10272018432794	6.94526782850242	16.2241187495377	3.32054933588074e-46	1.33569918953955e-44	94.2768833047357
SLFN11	1.4044719815951	8.11845487439614	16.2224127369776	3.37750556856702e-46	1.35525538258722e-44	94.2599700114841
EFNA1	-1.24082334627719	7.77094500966184	-16.1974740038517	4.33060301637356e-46	1.72872377478017e-44	94.012774114373
PDPN	1.24660288280814	6.92668775362319	16.1696896324212	5.71183727387079e-46	2.25846879653708e-44	93.7374716978656
PADI2	-1.93236994729503	8.51046290096618	-16.1386593623195	7.78027705475611e-46	3.04668150402028e-44	93.430132617677
TMEM37	-1.47025890246793	8.55061315942029	-16.1344037924155	8.11704171678065e-46	3.17091454181256e-44	93.3879937454635
CMBL	-1.14994272566928	9.07130771497584	-16.1204252900462	9.32907506233933e-46	3.62695691000183e-44	93.2495956186286
SAA1	2.43352365316509	7.54610384541063	16.1068186811205	1.06821868670111e-45	4.13324330418567e-44	93.1149057126276
PDE4B	1.18517351917178	6.46876520289855	16.0459845700163	1.95663765583166e-45	7.46415928284515e-44	92.5130362061886
PCDH17	1.35602880877022	7.14163440338164	16.021785962743	2.48888226639554e-45	9.42816450144381e-44	92.2737707259559
TDP2	-1.00273186314836	10.1665389251208	-16.0054540012103	2.92757704442298e-45	1.10129755900273e-43	92.1123348289015
PKIB	-1.42105256372002	7.69367335024155	-15.9952795531623	3.23908540118697e-45	1.21566690195588e-43	92.0117833365722
COL4A1	1.43967262339654	8.41424618599034	15.9603947996528	4.58078602403787e-45	1.69187167446908e-43	91.667140359634
PLA1A	1.37322073131623	6.97919637922705	15.9588667232748	4.65084078921885e-45	1.7138506500135e-43	91.6520478319479
SOCS3	1.58126135610708	7.75455210386473	15.9562954340284	4.77114463716752e-45	1.7542052375251e-43	91.6266524561556
KCND3	1.11520844109035	6.66401756521739	15.9371103149844	5.77249236733028e-45	2.10333572783597e-43	91.4372010048792
IGFBP7	1.09265381616006	9.38552897826087	15.9296596334884	6.21570071147743e-45	2.25471768442455e-43	91.3636407646862
ALPI	-1.13148420064138	7.0355850410628	-15.9275550135166	6.3469402097274e-45	2.29719655564098e-43	91.3428634328245
VCAM1	1.44915513183212	8.49063196376812	15.9187389692809	6.92743961300512e-45	2.49618228716067e-43	91.2558363763568
BGN	1.67923574003067	8.46306336714976	15.9026151053268	8.12969564248195e-45	2.91646101293541e-43	91.0967004518212
MMP9	2.046316382111	8.60498841062802	15.8802725601035	1.01473784533726e-44	3.61633875538944e-43	90.8762527661974
HLA-DRA	1.14601463259901	11.0569337512077	15.8781608353245	1.03622042450985e-44	3.68481796908307e-43	90.8554208298805
IGKC	1.26590456622979	10.5161629251208	15.8242966130708	1.76777420538338e-44	6.20477291829057e-43	90.324283530638
PRRX1	1.73016892930843	7.19197216666667	15.7948081820969	2.3677902175277e-44	8.13508643235575e-43	90.033694805084
SERPINA3	2.43199769513385	8.0648015410628	15.7503408030067	3.67806721771271e-44	1.25571996544221e-42	89.5957518340257
C2CD4A	1.42116652795595	7.43836028743961	15.7402416335653	4.06483494673874e-44	1.37620068165523e-42	89.4963315861604
NNMT	1.46122939361405	8.78611361352657	15.7326415276456	4.38244507811051e-44	1.47451583777172e-42	89.4215236208317
TSPAN7	-1.23754618934746	9.40077442512077	-15.6914459724449	6.58798200704978e-44	2.17162871392629e-42	89.0161929828006
NOS2	2.21775921911601	9.21455113285024	15.6574477109709	9.22086409348742e-44	3.00900125267599e-42	88.6818802125528
SERPING1	1.39602813427217	9.21172542270531	15.6494609936674	9.97843271769913e-44	3.24968958106871e-42	88.6033717280915
SLC39A5	-1.57177499205243	8.92567963043478	-15.6428847222939	1.06486377630152e-43	3.4610202457352e-42	88.5387354362799
TINAG	-1.38706871186559	6.96592607004831	-15.6295295973253	1.21511676039711e-43	3.94148951561147e-42	88.4074931218865
MT1H	-1.53220656866982	9.13938606763285	-15.595703755805	1.69727743500002e-43	5.46187239528423e-42	88.0752116812304
DDC	-1.15361722957333	7.8189869468599	-15.5840573769289	1.90416660203339e-43	6.09145894678042e-42	87.96084880178
VIL1	-1.20726607020357	9.12561683816425	-15.568529021492	2.21969011077942e-43	7.05913581023021e-42	87.8084009007227
PPARG	-1.2943674037228	9.18354461594203	-15.5518525378066	2.61688232288153e-43	8.25766109303839e-42	87.6447254259527
FUT8	1.04954800620469	8.37340236956522	15.5452118429161	2.79413444102615e-43	8.782877911241e-42	87.5795614284443
PRDM1	1.26185657898774	8.68494573188406	15.5261083025883	3.37373364810329e-43	1.05031696389515e-41	87.392142311703
ST3GAL1	1.1424341043642	7.56970856280193	15.5208798804357	3.55231431859311e-43	1.09959352364679e-41	87.3408583696492
PLEKHG6	-1.22739169457613	7.88112848792271	-15.484937920594	5.06346609938982e-43	1.54964948363812e-41	86.9884383480165
CTLA4	1.20949530444785	6.38567764009662	15.4790459455782	5.36628737223712e-43	1.63923940011702e-41	86.930686670093
IGSF9	-1.28379579071389	7.5221272705314	-15.4475760793636	7.31757546742201e-43	2.22692732061938e-41	86.6223259162338
FYN	1.10111041271613	8.0442530942029	15.4390479298906	7.95895300795529e-43	2.41307733828883e-41	86.5387908200265
RAPGEFL1	-1.12924537827663	8.69791325120773	-15.4039705319375	1.12430222627918e-42	3.3586462278057e-41	86.1953303165306
MXRA5	1.5289582069855	9.65008881642512	15.4002572117665	1.16616439997557e-42	3.47730966311982e-41	86.1589836492702
PRAP1	-1.32810439933072	8.31982793961353	-15.3311338266522	2.30206790282337e-42	6.70446334924418e-41	85.4828261134773
HOXA6	-1.02201544673732	7.15102264251208	-15.3249581536763	2.44618290764419e-42	7.11143442435164e-41	85.4224568065322
SLC10A2	-1.587758155884	5.10062737681159	-15.3107303187604	2.81340614133683e-42	8.14985083830032e-41	85.2834003367633
PFKFB3	1.22215041048522	8.82582360144928	15.299418314174	3.14424495953357e-42	9.09201509561922e-41	85.1728672960267
OLFML2B	1.14002711565812	6.762052	15.2960344349271	3.25055995121227e-42	9.38274418599478e-41	85.1398067672101
FADS1	1.32409854824316	7.40696583091787	15.2767810618078	3.92745947260106e-42	1.13165148739787e-40	84.9517397016587
GBP4	1.6042875801729	7.84818175120773	15.2733184240741	4.06334493804374e-42	1.16708620174576e-40	84.917923608987
TMEM171	-1.24999523891523	8.96396169806763	-15.2688857444856	4.2441687124821e-42	1.21643713838707e-40	84.8746372055798
CPA2	-1.25030575920245	4.70676746618357	-15.245869547006	5.32048408255755e-42	1.51424145053665e-40	84.6499336545034
OTC	-1.67876092526492	5.36761473671498	-15.2315622744121	6.12276721426119e-42	1.73346846688081e-40	84.5103017443857
LAX1	1.63670142979643	7.51581400724638	15.2311827478569	6.14561825836217e-42	1.73691204028945e-40	84.5065982529944
SDR16C5	1.26265463894311	7.51883579227053	15.2193418852792	6.90295127003795e-42	1.93747601190651e-40	84.3910659087094
COL1A2	1.39852915058563	9.58876302657005	15.2145142862598	7.23782945537091e-42	2.02796493929712e-40	84.3439698469922
YBX2	-1.0623768965421	8.73663002898551	-15.2028876853475	8.11240180148714e-42	2.26520002879669e-40	84.2305628087241
ANPEP	-2.01011641961795	9.50949294202899	-15.186240218592	9.55138350969894e-42	2.64879749856856e-40	84.068224370882
ICAM1	1.51832209739264	8.28676434057971	15.1846567581998	9.70086745995794e-42	2.68566945641868e-40	84.0527858150607
GNA11	-1.00327319687674	9.10244789613527	-15.1795739976912	1.01966564373677e-41	2.81334233894164e-40	84.0032325707182
CES2	-1.14491568941718	10.3831046570048	-15.1575879694824	1.26494575767879e-41	3.46654865228296e-40	83.7889389636636
OTOP2	-1.78704230228667	7.52676596376812	-15.1044526302613	2.12892022636989e-41	5.71852604937803e-40	83.2714056643442
RGS5	1.62904043432793	8.36988299275362	15.1041769148932	2.13467594613143e-41	5.72452455455146e-40	83.2687215837591
SYT11	1.03213177725878	6.77300073188406	15.069198792687	3.00634265663387e-41	7.98301871126748e-40	82.9283255365264
TRPM6	-2.09721300230061	7.61405302898551	-15.0484530122732	3.68290965573731e-41	9.70031844657812e-40	82.7265423777486
CDH5	1.12428605270497	7.70751742028986	15.0205121626889	4.84018414159604e-41	1.26459537757359e-39	82.4549048853853
ARHGDIB	1.10861257863915	9.63565036956522	15.012083476909	5.25590970273124e-41	1.36881071440842e-39	82.3729912889998
CARD6	1.11778170851924	6.43227040338164	15.0076246328444	5.4900544267274e-41	1.42750199181995e-39	82.3296637870441
DEFB1	-1.25321616445901	6.03899173188406	-15.0005627116322	5.88237504407016e-41	1.52706832014671e-39	82.261049399837
PLAU	1.58708928283602	7.80005221014493	14.9948352724705	6.2210149121758e-41	1.609836199646e-39	82.2054079709989
EPHX2	-1.34828381218628	8.16447284782609	-14.9927766292266	6.34743012923528e-41	1.63993779062325e-39	82.1854100137028
GPR183	1.40743029935861	7.64301589371981	14.9887751786625	6.60052853546248e-41	1.70262205126668e-39	82.1465416642261
LAMC1	1.04055052244841	8.5402119057971	14.9403382260463	1.05931246760787e-40	2.68562978332223e-39	81.6762901306587
GXYLT2	-1.26664361147517	6.74521924637681	-14.9324102307886	1.14454326092215e-40	2.89268624156235e-39	81.5993641002085
USP2	-1.13191880953709	7.33467306280193	-14.9201198820578	1.2903953068707e-40	3.24616317832134e-39	81.4801338996283
ACVR1C	-1.21665790623257	7.06925169806763	-14.9127084180099	1.3871675680935e-40	3.47347614007512e-39	81.4082485760768
SCIN	-1.53466312953151	7.97141602657005	-14.8935849107031	1.67164388775959e-40	4.17294697695563e-39	81.2228152654478
CYP4X1	1.0159883153932	6.23255340096618	14.8862619220678	1.79538982637345e-40	4.45448550662518e-39	81.1518260176455
ADM	1.07531357466536	9.72168890338164	14.8534094354997	2.47310771405136e-40	6.08025317111176e-39	80.8334830054327
GUCY1B3	1.12258443983547	6.58075574154589	14.8461237127062	2.65506707290734e-40	6.50791779816248e-39	80.7629127043805
CYYR1	1.17223543781372	7.26065130193237	14.8419578940177	2.76504884859555e-40	6.76729048772985e-39	80.7225668628262
VIPR1	-1.39447774588678	8.40875563043478	-14.8353175737971	2.94983493085526e-40	7.1978629821815e-39	80.6582626661169
CHST11	1.14533702300612	8.25760949275362	14.8281009796964	3.16465631573756e-40	7.71046923344094e-39	80.5883878356086
MT1G	-1.29381946172616	10.7389908599034	-14.8231838755025	3.31990121324478e-40	8.06453133280133e-39	80.5407838090848
CREB3L3	-1.43522300292805	6.48281843961353	-14.8129056676961	3.66938902179173e-40	8.88692116142137e-39	80.4412928434291
PLA2G2A	1.43604865225878	11.7110580048309	14.7706255135262	5.53744724822818e-40	1.33317118860676e-38	80.0322523317039
SPARC	1.21971737116565	10.6315332753623	14.7429192868386	7.25000808776308e-40	1.73264531520938e-38	79.7644033831288
DYSF	1.36830563636364	7.37253442512077	14.7337094220794	7.92912818907152e-40	1.88662170132652e-38	79.6754018846827
TMEM45A	1.20790859446459	7.17437683816425	14.7333285910474	7.95853752346648e-40	1.89085077914991e-38	79.6717220146875
CXCL9	2.11841634655605	7.80969825603865	14.7295490248671	8.25637706173755e-40	1.95875012598974e-38	79.6352026657472
SERPINB9	1.20165738392359	8.10403647826087	14.694109985582	1.16504351527146e-39	2.7439307487937e-38	79.292921829741
KCNN3	1.06892799637479	7.14080570289855	14.6932694212868	1.17459456008536e-39	2.76242202546269e-38	79.2848065393738
GZMB	1.22766170775236	7.57763164251208	14.6798117651273	1.33859531373599e-39	3.12550466142581e-38	79.1548984345356
GIMAP4	1.06060979322365	7.4759546884058	14.6727863818534	1.43309307961769e-39	3.33656097949386e-38	79.0870965644715
TGFBI	1.19611955165924	10.1730175652174	14.6557805296277	1.69031511943332e-39	3.91300726579928e-38	78.9230156642278
APLNR	1.08603292875069	8.0703759178744	14.6343324285516	2.08138243545225e-39	4.77073990952533e-38	78.7161594819581
TNC	2.12071574672336	8.38856725845411	14.6332454177162	2.103446896196e-39	4.81452331127904e-38	78.7056783620209
S100A9	2.0183412902956	8.13827579468599	14.6268429008869	2.23822499856016e-39	5.09431294840352e-38	78.6439493561701
RBP2	-1.78626992414947	6.28114048309179	-14.5865848262539	3.30686517501646e-39	7.46387027211007e-38	78.2560036497678
ZG16B	1.12531386210261	10.0821145990338	14.5460794960082	4.89578543064604e-39	1.08542167849152e-37	77.8660209463905
KLHL5	1.34189016585331	6.7674100531401	14.5445630508347	4.96820099886099e-39	1.09997594594673e-37	77.8514274880177
TCF4	1.18195312883435	9.02274121497585	14.5387670683572	5.25496496755493e-39	1.15873047066126e-37	77.7956545735457
CLDN2	1.34614466864194	6.73076594444444	14.5314938137902	5.63829384332972e-39	1.23654403843389e-37	77.7256764955124
CNTN3	-1.38263505716676	5.45698947584541	-14.5292028378229	5.76472131741666e-39	1.2625671985086e-37	77.7036367005589
BIRC3	1.30716844666759	9.64700393236715	14.4939716469432	8.10623990112379e-39	1.75412123346422e-37	77.3648453027751
CATSPERB	1.53768615114333	7.21527530676329	14.4853584431132	8.81037979790978e-39	1.89890559808795e-37	77.2820594213306
SELENBP1	-1.40630148738149	11.0336824661836	-14.4623620590989	1.10038581958457e-38	2.35294341500906e-37	77.0611082521764
CHST2	1.07118746535137	8.02474993236715	14.4563175987304	1.16657991697805e-38	2.48467761871694e-37	77.0030516526866
RBMS1	1.02693965992751	8.08645162801932	14.445855931411	1.29067123494672e-38	2.73821125837065e-37	76.9025869298981
GBP5	1.7532612737033	7.6052293115942	14.4423371655226	1.33530173114307e-38	2.82920318550274e-37	76.8688011448874
CPXM1	1.18562479566369	6.98453521497585	14.4401614326969	1.36366474620488e-38	2.88553591023118e-37	76.8479119816624
CFI	1.73580689751812	7.2463171352657	14.4355928728034	1.42519202238311e-38	3.00789552672052e-37	76.804052709567
CXCL11	2.14607915985778	6.66976171014493	14.4329733809904	1.46171144434104e-38	3.08096921945346e-37	76.7789070208882
MGP	1.4466237204406	7.34411516425121	14.4200108017462	1.65663828497901e-38	3.47829829059353e-37	76.6544955021663
GIPC2	-1.0778529740658	8.47796423429952	-14.4182397006781	1.68521222181739e-38	3.53372694409735e-37	76.6374997930845
NCF2	1.57893195831009	7.69996104830918	14.4176264275702	1.69522059847157e-38	3.55013272496926e-37	76.6316149078254
C3	1.96926283505298	10.1318659975845	14.4143541934856	1.74963310825069e-38	3.65466422136014e-37	76.6002163935901
SLC6A6	1.05080128680981	7.55001030917874	14.4106702960219	1.81297864878179e-38	3.77727128478883e-37	76.5648706100984
CLDN1	1.45224461628555	6.90090666666667	14.3828004727142	2.37248051685868e-38	4.91775266319775e-37	76.2975658853043
FCRL5	1.58476096981316	7.1338124178744	14.3811528636777	2.4104932870662e-38	4.99018170803986e-37	76.2817687380407
SLA	1.13639279182933	7.40589835990338	14.372523814878	2.61972876171264e-38	5.4026918916995e-37	76.1990439309168
CD38	1.43253034425544	8.00014257246377	14.364589319557	2.82807372726137e-38	5.80290734112684e-37	76.1229922623612
PCSK1	1.75643355089236	7.40631637922705	14.3494120987588	3.27374806453696e-38	6.66687716751757e-37	75.9775585780112
SNX10	1.16203128834357	7.14175996859903	14.3475893164036	3.33178267219327e-38	6.77657073915054e-37	75.9600954693554
MT1M	-2.02180721319018	8.41125065942029	-14.3467366226172	3.35928239538621e-38	6.82396227592766e-37	75.951926518537
CH25H	1.06491198647518	7.1308639057971	14.3368689214378	3.69447825320407e-38	7.46753309612181e-37	75.8574041070216
IGFBP5	1.70089042003624	8.76309241545894	14.31689298808	4.47862368420913e-38	9.03003889479932e-37	75.6661221059268
MUC1	1.19402216717791	10.9053571038647	14.3006567380964	5.23671089096413e-38	1.04934388025966e-36	75.5107160774273
SLC2A3	1.51765153646124	7.64244447342995	14.2933802589873	5.6167727289202e-38	1.12411543864141e-36	75.4410882374271
CCL2	1.7651071998048	9.28184949033816	14.2856820187887	6.04885549998773e-38	1.20613436478896e-36	75.3674376609671
EVI2B	1.32255520719465	9.24215849758454	14.2310140434693	1.02346753150094e-37	2.00390010294239e-36	74.8448064173673
CSF2RB	1.22498304468768	8.33071100483092	14.2122160489177	1.22615039622803e-37	2.39209724959204e-36	74.6652538785729
C2orf88	-1.07105703088399	8.16477418599034	-14.1977044731461	1.40960196227176e-37	2.73358490320744e-36	74.5266995902917
ACPP	1.09899292345231	7.32508294927536	14.1872316995448	1.55877525581017e-37	3.01567341454418e-36	74.4267374272424
MEP1A	-1.8588535721556	10.0482421183575	-14.1862094565217	1.5741539038503e-37	3.04180441040085e-36	74.4169815244227
CHN1	1.38869380005577	6.76727396376812	14.1793788338353	1.68087131455327e-37	3.21741339609013e-36	74.3517988565525
PLEK	1.9446946366425	7.7621587294686	14.1705271093216	1.82996966639486e-37	3.49868671159799e-36	74.2673455258534
CD93	1.21523538204127	8.16954911594203	14.1703734358737	1.83267139363842e-37	3.49973476122421e-36	74.2658795053809
FBN1	1.32429129845231	7.53942393961353	14.1623659263427	1.97909671441523e-37	3.76167259718853e-36	74.1894967392257
GLCCI1	1.00646653945901	8.40162196376812	14.1191040202346	2.99716115154937e-37	5.64390102825362e-36	73.7770854834495
ADAMTS1	1.23441883177635	7.16513264009662	14.1115694325669	3.22167986549549e-37	6.05966660812121e-36	73.7053039981058
GPX7	1.18467764570553	7.93932385748792	14.1103532177557	3.25946171507013e-37	6.12364304411615e-36	73.6937184603793
PCOLCE	1.07125443495539	8.23307543961353	14.1080510374926	3.33219345585451e-37	6.25305725763183e-36	73.6717890829258
SIK1	1.17027294520357	7.77777843478261	14.101650175104	3.54303257224204e-37	6.63338966952827e-36	73.6108243605479
VIM	1.02091194450642	10.1467297342995	14.0814112387715	4.30126967033584e-37	8.01604740970502e-36	73.4181233489472
CD34	1.07206037688232	7.66008364975845	14.0795422929265	4.37896963265258e-37	8.15150463920242e-36	73.4003334533146
LRRC19	-1.6812715568879	8.41065603864734	-14.070306522192	4.78398413583971e-37	8.85472963457075e-36	73.3124333096575
PRR15	-1.04689105145009	10.2457509468599	-14.0489694905977	5.86828993286301e-37	1.07393670832159e-35	73.109438869447
COL1A1	1.28311600934189	9.54175276086957	14.0441387310879	6.14599146478227e-37	1.12349277046318e-35	73.0634955048836
MAOA	-1.29000200599554	9.24683820531401	-14.0426800487748	6.23239398598157e-37	1.13800713108075e-35	73.0496236765614
XPNPEP2	-1.83461052893196	6.6360783236715	-14.0311126939941	6.96187715885291e-37	1.26978075991603e-35	72.9396381054404
SLPI	1.53707838420245	10.3727270338164	14.0276330104344	7.19754664588734e-37	1.3112929432995e-35	72.906558608435
AQP9	2.64536422239264	7.04365383091787	14.0051093779206	8.92771496241231e-37	1.61384088825542e-35	72.6925089438301
DERL3	1.14056299491075	8.22645288164251	14.0021072688865	9.18768596448648e-37	1.65714855281765e-35	72.6639881353605
RHOJ	1.07433828004741	7.57167703140097	13.998055685083	9.5505478305903e-37	1.71878131555839e-35	72.6255005017017
MCAM	1.05970860582823	7.54196228502415	13.9951541838747	9.81915798665371e-37	1.76516743850785e-35	72.597940408812
TMEM220	-1.00828198975181	6.6687502173913	-13.9942530493554	9.90410529000942e-37	1.77847088472865e-35	72.5893813403791
MMP1	2.79124783463469	9.48772638888889	13.9913003665014	1.01876150988998e-36	1.82736129108411e-35	72.5613378329159
LAMP3	1.39427054141104	7.85188460628019	13.9789180884616	1.14673856657469e-36	2.05464701713398e-35	72.4437584875165
HCLS1	1.07313478039598	7.83680631400966	13.9737649738124	1.20461262678397e-36	2.15596473544783e-35	72.3948366367341
ICOS	1.23571822734244	6.40449244927536	13.9643648909931	1.31778995472688e-36	2.35075790935966e-35	72.3056122173315
EDN3	-1.13497512207195	8.17455036714976	-13.9592028955584	1.384389206688e-36	2.46685405678582e-35	72.2566243580647
ITGB2	1.12388161914389	8.66074805555555	13.9533021938791	1.46464026391154e-36	2.59845730664044e-35	72.2006340689465
CYR61	1.74563293823201	7.50102886714976	13.9384300241526	1.68809207319471e-36	2.99162314956241e-35	72.0595535311305
IFI44	1.08642281964585	6.65089610386473	13.9282008476859	1.86121425562889e-36	3.29125058413766e-35	71.9625488760235
CAPN13	-1.63633565288622	6.92807483816425	-13.8953159455894	2.5470096892248e-36	4.45069402791314e-35	71.6508714372216
GLB1L2	-1.02237481058282	8.27260794927536	-13.8901992567079	2.67434560476943e-36	4.65318955279528e-35	71.6024003580942
ANGPT2	1.17149814626325	6.51829634299517	13.8830416151059	2.86319470073356e-36	4.97113003008771e-35	71.5346059478401
SRGN	1.4366415927217	9.25554293236715	13.8693882734636	3.26108400057106e-36	5.64386326871994e-35	71.4053220597082
LILRB2	1.29982021604852	7.84648409903382	13.8587768662742	3.60801912473492e-36	6.21122021144779e-35	71.304874378814
SEMA6A	-1.00643068690742	8.6138266884058	-13.8123456294946	5.61365514122989e-36	9.53220739199537e-35	70.8656871376383
GEM	1.21908297608757	7.58994396618357	13.7878380696666	7.08732445384285e-36	1.18983584400207e-34	70.634091949358
C4BPA	2.19064532863915	7.69518307004831	13.7825111536951	7.45552621867516e-36	1.24906965546072e-34	70.583772971879
FPR1	1.47590265497769	6.53710965942029	13.7659509027454	8.72648750795461e-36	1.45152659664043e-34	70.4273879615945
ITGAX	1.11356222058004	7.35668173188406	13.7612448538315	9.12558520970625e-36	1.51480985947841e-34	70.382959605402
GDPD2	-1.28558031211656	6.76163176086957	-13.7607847382683	9.16556902424955e-36	1.51989451237836e-34	70.3786160990731
ROBO1	1.0996304874512	8.03578333333333	13.7599735405287	9.23648768619747e-36	1.52853524835433e-34	70.3709584966574
FAM49A	1.1800601554657	7.52679140821256	13.7563978181836	9.5556731810522e-36	1.57814273237072e-34	70.3372061368664
GUCA2A	-2.31981901847462	10.4027934154589	-13.7329942725427	1.1934284038331e-35	1.95508114825521e-34	70.1163734110925
A1CF	-1.30525160603737	8.56599485024155	-13.7001699515484	1.62963008573413e-35	2.64302580072509e-34	69.8068842614217
ME1	1.1820340228667	8.48407727777778	13.6999455677796	1.63310260805197e-35	2.6460169973532e-34	69.8047695796882
ANGPTL2	1.33311826024819	7.83720277536232	13.6837893582194	1.90353467833592e-35	3.06584163108395e-34	69.6525412500228
C8orf4	1.0731111788204	8.44749376328502	13.6789469782469	1.992970606922e-35	3.2003720684871e-34	69.6069281520366
SLC16A9	-1.78573100432237	7.00068519082126	-13.673037295803	2.10781475128229e-35	3.37811612653733e-34	69.5512697727965
AIM2	1.38789595315114	6.89861693478261	13.6653565759611	2.26699186738465e-35	3.62964382629241e-34	69.4789450215878
OLFM4	1.63641487527887	12.580173294686	13.6584835657351	2.4195633646545e-35	3.87011065344492e-34	69.4142389974935
ASPA	-1.12266536565811	5.37835257971015	-13.6579333161219	2.4322119510511e-35	3.88651685511616e-34	69.4090591987141
C4B	1.26689442052426	7.85867062560386	13.6520163184707	2.57246363969236e-35	4.09853986359221e-34	69.3533642691535
SULF1	1.1608680412019	7.85677265217391	13.6225270618382	3.40123079354137e-35	5.3767900414242e-34	69.0759271141227
FGR	1.1160101935304	7.57799640821256	13.5880352451303	4.71383236670786e-35	7.42291567745828e-34	68.7517152149827
RGS2	1.28943708798103	9.19079663768116	13.5827944095821	4.95334606599587e-35	7.78499293215657e-34	68.70248052999
POU2AF1	1.00657621576966	8.53873588405797	13.5640572578601	5.91327688992514e-35	9.24895695266348e-34	68.526515103953
CCDC3	1.42889572329895	7.54165785748792	13.5442815936056	7.12817436394784e-35	1.1074566117449e-33	68.3408979358928
COL15A1	1.24494192477691	8.78313064492754	13.5345519017133	7.81426361942587e-35	1.21057767473108e-33	68.2496119515493
FCGR3A	1.62845744708589	7.29137127777778	13.5276836333073	8.33785143093093e-35	1.28800782893592e-33	68.1851876718901
LILRB1	1.02370974986057	7.46267347342995	13.5164091311561	9.27423423245129e-35	1.42858370153143e-33	68.0794603627228
COL5A2	1.04212255033464	7.60826405555556	13.5007617945162	1.07499340571234e-34	1.64498284710275e-33	67.9327830863928
SRD5A3	1.00264961077804	8.6153264879227	13.4885181248826	1.2066034806293e-34	1.83772382040363e-33	67.818057561851
WIPF1	1.00789615469883	8.31091352898551	13.4733753798236	1.39179756775711e-34	2.107045277481e-33	67.6762231319084
BCL2A1	1.5082970618377	7.36424220772947	13.4733211608727	1.39250915513789e-34	2.107045277481e-33	67.6757154018798
VWF	1.12179989465978	7.61216877777778	13.450419757244	1.72795185406281e-34	2.59528147692927e-33	67.4613279114735
LCP2	1.20321409641664	8.35216811352657	13.4498105310481	1.73789814040333e-34	2.60781003505952e-33	67.4556266924379
SLC16A14	1.11572595266314	7.74565914251208	13.449131466134	1.74905190300323e-34	2.62212568964073e-33	67.4492720325037
GBP1	1.18417934160625	9.56188081400966	13.4416886673546	1.87607942647943e-34	2.80364099409513e-33	67.3796308749854
SLC6A20	1.49590332006413	7.45148392995169	13.4184412914916	2.33514957419353e-34	3.46561787490584e-33	67.1622059918238
HAVCR1	-1.20904487242052	5.41382369565217	-13.4121380412266	2.47787356213642e-34	3.67073138179389e-33	67.1032792915961
CXCL6	1.64707912151422	6.28997406280193	13.3425335827115	4.76732835024873e-34	6.89269154981247e-33	66.453301202629
GMFG	1.11188661935304	8.98377179710145	13.3338098863196	5.17432316559698e-34	7.45460334788268e-33	66.3719325156795
TM4SF5	-1.03499146291131	7.70323649516908	-13.3230679745583	5.72335394836348e-34	8.23099336414645e-33	66.271768432904
GJA1	1.23014501715002	7.93233893961353	13.2910780356405	7.72678122353549e-34	1.09858199180818e-32	65.9736660634168
PTPRC	1.39064542972671	8.39225307246377	13.2750359868728	8.98086529790747e-34	1.27243279822401e-32	65.8242843514841
LRRC31	-1.2893764668851	7.28674515458937	-13.2623740035413	1.01123706248879e-33	1.42036417480599e-32	65.7064286603218
PLCE1	-1.03292328799498	8.57754425120773	-13.2570524490005	1.06293361537982e-33	1.49039984327329e-32	65.6569100152725
SLC13A2	-1.50364148487172	6.82260205072464	-13.2487844152218	1.14852801510482e-33	1.60487779651492e-32	65.5799894113653
ANKRD22	1.14900694095091	8.86787745652174	13.2364042895028	1.28970407873181e-33	1.78983612156026e-32	65.4648487307537
C1orf210	-1.16568554712772	8.69607093236715	-13.2357765538547	1.29730622696143e-33	1.79731658093352e-32	65.4590116693388
CXCL10	2.24040146563023	8.34045312560387	13.2273441118999	1.40386362118213e-33	1.93668826042706e-32	65.3806126468192
FMO5	-1.29602404601228	7.63676932608696	-13.2224218980304	1.47005088693035e-33	2.02455906470382e-32	65.334858658248
TMEM154	1.12431920112939	7.20900480676328	13.2061361310585	1.71201857702965e-33	2.34586963704122e-32	65.183525064563
C1S	1.2100480842164	8.94999565942029	13.1903546536201	1.98428699285587e-33	2.69846426116324e-32	65.0369498825185
ART3	1.01476464061629	5.69914502415459	13.1780827732455	2.22548800413536e-33	3.00635125147164e-32	64.9230205018138
SAMSN1	1.13826028353318	6.39994790821256	13.1773072698159	2.24167674422563e-33	3.02461484542001e-32	64.9158223560307
NAT2	-1.06748920468488	7.41309053140097	-13.1424993848657	3.10298771632771e-33	4.14011932496237e-32	64.592917561901
TM6SF2	-1.35116963343559	7.47196575603865	-13.1390589868973	3.20426758365776e-33	4.26125634222768e-32	64.5610207934915
CA12	-1.22991205082264	10.2277947004831	-13.1277431176192	3.561208367859e-33	4.72820238448339e-32	64.4561328219826
TM4SF18	1.01427547141662	6.78818648067633	13.114925864363	4.01358628282861e-33	5.31623694489977e-32	64.3373732986821
CALCRL	1.37438411105689	6.73867123188406	13.1149169292104	4.01392082419053e-33	5.31623694489977e-32	64.3372905258196
CST7	1.05288795085053	8.52824598792271	13.1106183597666	4.17812975767735e-33	5.52471820114032e-32	64.2974724258371
CHST15	1.09814609383714	8.09817425845411	13.0727908417475	5.94454053712023e-33	7.78442612963262e-32	63.9473049181712
IL1A	1.67970314298662	6.35725100966184	13.0551292722808	7.00738223967323e-33	9.13207448090855e-32	63.7839563388744
STEAP4	1.61021720315115	6.89655824396135	13.0548971770858	7.02254167752784e-33	9.14449717960777e-32	63.7818103447406
CD79A	1.75238498556888	9.07545186714976	13.0542347614288	7.06598776003889e-33	9.19340307699038e-32	63.7756856171367
NR1H4	-1.72154251624373	5.64318721497585	-13.0507208227209	7.30097698409183e-33	9.48426674408284e-32	63.7431977310368
TNFRSF9	1.12806680291411	6.58401136231884	13.0210954684919	9.61844257361601e-33	1.23662429006198e-31	63.4694435347249
TFF1	1.37419581462633	11.0389235507246	13.0097028533992	1.06933966398152e-32	1.36941204723118e-31	63.3642388871792
ISX	-1.30666987430285	7.67557768599034	-13.002332098024	1.14518295217323e-32	1.46307925752886e-31	63.2961944987867
SLAMF1	1.0907649059537	6.35436889371981	13.0000912030499	1.16928680272719e-32	1.48919120933539e-31	63.2755104996026
KDR	1.1435105766174	7.31635933333333	12.9943564811574	1.23329902841532e-32	1.56703225260183e-31	63.2225844528711
IL7R	1.5619292800474	8.277383	12.9888027130377	1.29861776723561e-32	1.64488209940342e-31	63.171337787071
EDNRA	1.18631233686558	6.4995472826087	12.9783714338821	1.43076224702826e-32	1.80662915900981e-31	63.0751094298294
CYTIP	1.35220102976855	8.15473414492754	12.9708115416271	1.53482895010729e-32	1.93202984261763e-31	63.0053899062369
REG1A	3.55860360715282	9.98852836956522	12.9686153549747	1.56645108388323e-32	1.97030933159337e-31	62.9851392434639
SELL	1.94085996291132	7.90753274637681	12.9649132917727	1.62123228191934e-32	2.03606227306579e-31	62.9510064227464
VSIG1	2.04402436342722	6.2954983115942	12.9522407767074	1.82361552441046e-32	2.27965968363034e-31	62.8341976670113
KLHL6	1.12566586809816	7.82744739613527	12.9300892374092	2.23967745176386e-32	2.76993898543489e-31	62.6301321785366
CD86	1.05319711084774	6.97776028502415	12.9214459321244	2.42657436994277e-32	2.98292436353555e-31	62.5505480597594
TWIST1	1.11406899421361	7.49299402415459	12.9163923993968	2.54296630738927e-32	3.11892418576475e-31	62.5040276071421
KIAA0125	1.05461509216397	7.48081558695652	12.9111603496909	2.66933378745763e-32	3.26651682078117e-31	62.4558719592138
GUCY1A3	1.27105199226157	6.85438524637681	12.8956127019011	3.08298175626866e-32	3.7585548778036e-31	62.3128208176576
RHOH	1.41034461907417	7.5021536763285	12.8769514077984	3.66460951050323e-32	4.4509393987435e-31	62.1412186391492
SP140	1.09168364640268	7.31152563043478	12.8637277392597	4.14177526498935e-32	5.01176394872241e-31	62.0196831098374
PDGFRB	1.02912969297267	7.70455771497585	12.8529817309675	4.57476067407544e-32	5.51107751774648e-31	61.920958548725
EBF1	1.06473494973509	7.00670469323672	12.8404053220174	5.13909091617821e-32	6.17717207683521e-31	61.805462894041
LHFP	1.07161978980758	8.89115842995169	12.8356388365678	5.37065520594617e-32	6.4507404103349e-31	61.7617024933022
FAP	1.73576268049358	6.10942644202899	12.8141648926916	6.54973874098661e-32	7.82070567816117e-31	61.564640132018
CXCL17	1.03241709795036	5.9788550410628	12.8005872932139	7.42494500724912e-32	8.80107814097779e-31	61.4401145034262
VNN2	1.78230741090352	6.91212557246377	12.780437014508	8.94303890598417e-32	1.05404959487897e-30	61.2554134619535
CXCR2	1.78259629496653	6.48404428985507	12.7525018746062	1.15717978461138e-31	1.35192873326524e-30	60.999563888693
AIFM3	-1.08003325725042	7.7289126884058	-12.7454382070202	1.23504648894499e-31	1.44082846316188e-30	60.9349084547557
PLAUR	1.04978888970999	9.62761424396135	12.7191139049063	1.574074340475e-31	1.823256030439e-30	60.6940935354957
CHRDL2	1.09633047476297	6.77316211352657	12.7100153556862	1.71164324692874e-31	1.97978038475722e-30	60.6109105658699
SLC6A19	-1.67935461140547	6.36745794927536	-12.7002949701207	1.87187078294196e-31	2.16049517710155e-30	60.5220713107069
STS	1.23113441487731	8.44238913285024	12.6922208748141	2.0162613846465e-31	2.31727466491444e-30	60.4483009626496
MYEOV	1.13228403890128	8.07314510144928	12.6783567532987	2.29054653922576e-31	2.621385338659e-30	60.3216771464912
SPARCL1	1.2535749704406	9.63884918115942	12.677981621908	2.29846315935884e-31	2.62859428590715e-30	60.3182518417008
ADH1C	-1.99434035359731	9.85685008454106	-12.6705823453247	2.46030732568576e-31	2.80775662568253e-30	60.2506985616744
TMEM72	-1.06023815504741	7.12645584057971	-12.6551361173432	2.83567050625292e-31	3.21356216158411e-30	60.1097349498688
MOGAT2	-1.18829381866983	7.52423334057971	-12.6527139771471	2.89949791925416e-31	3.28360562270379e-30	60.0876371724781
AKR1B10	-1.50234558080034	9.42628367874396	-12.6445990420263	3.12395379451982e-31	3.52551202185705e-30	60.013616256505
STC1	1.72129062918294	6.82858939371981	12.6218326112416	3.85038083195719e-31	4.31907800638647e-30	59.8060629916154
PTPRR	-1.32035194380926	7.38247528019324	-12.6218136341948	3.85105164682419e-31	4.31907800638647e-30	59.8058900539469
CTSE	1.44059980312326	10.4309738067633	12.6179740286177	3.9891999037969e-31	4.46169908028929e-30	59.770902134148
MNDA	1.51881960352761	6.61039059661836	12.6138861480752	4.14171085224952e-31	4.61322433584009e-30	59.7336570347682
PTGDS	1.04216697629671	8.27985837922705	12.6104494341295	4.27441297111269e-31	4.75777295846249e-30	59.7023489292704
TREH	-1.02279033484383	6.07748152173913	-12.6101054970714	4.28792439234938e-31	4.76628312585977e-30	59.6992159072368
SPAG4	1.01142309251255	7.14658146135266	12.5914466078216	5.08839931290934e-31	5.61001202402237e-30	59.5293036784348
CCL18	1.95225531873955	8.74168540096618	12.5912544556242	5.09737330430368e-31	5.61609583513485e-30	59.5275544782308
TDO2	1.78441659355828	6.53630656280193	12.5840169826058	5.44711194471803e-31	5.98114974416302e-30	59.461678968059
CD27	1.21003623243168	8.52534503140097	12.5710631603069	6.13381698925476e-31	6.71250234965516e-30	59.3438154303625
ACSL4	1.36237384774121	7.44510072705314	12.5115167490207	1.05794824174043e-30	1.13934505477294e-29	58.8027179015779
CCR6	1.01351357090072	6.74640820048309	12.5017695940855	1.15656034586521e-30	1.24143079132467e-29	58.7142557181442
STAP2	-1.006952133087	9.0628392173913	-12.4835789939334	1.36572637908475e-30	1.45251435775565e-29	58.5492467103287
PNLIPRP2	-1.4146968423034	5.66887814251208	-12.4604775270045	1.68648492012324e-30	1.78547664084187e-29	58.3398475002847
CWH43	-2.11375399372559	7.36496425845411	-12.4429188081827	1.97956029476932e-30	2.08488881077746e-29	58.1808073657771
IL2RA	1.20706234146681	6.85893040821256	12.4363316596232	2.10214541929281e-30	2.20542060741947e-29	58.1211698236396
DMBT1	2.11423143300335	10.4082594347826	12.4180076097928	2.48438225226465e-30	2.59739852504848e-29	57.955346570232
TMEM163	1.3698364157836	6.7941290942029	12.4098164514032	2.67692736116545e-30	2.78506700040331e-29	57.8812568963654
LDHD	-1.12619004817345	7.98549985507246	-12.3941782434865	3.08674970753834e-30	3.19711724010233e-29	57.7398701862347
LYZ	1.07777125857502	11.449833794686	12.3899552954637	3.20775679878423e-30	3.31678689233246e-29	57.7017040656971
CXCR4	1.18129650822643	7.81591046135266	12.388005316474	3.26521615859739e-30	3.37336476753758e-29	57.684082576139
GZMK	1.45489822371724	7.10020291545894	12.3865623721996	3.30839381555097e-30	3.41580100994401e-29	57.6710438558617
REG3A	3.15759334976296	8.06572578019324	12.3711034345163	3.8082167384153e-30	3.91444213889861e-29	57.5313976953185
LY96	1.32792110882599	7.97946274154589	12.3647821781391	4.03364603846739e-30	4.12528519642124e-29	57.4743185947159
P2RY8	1.01248945635806	7.51980387439614	12.354528577367	4.42791144122614e-30	4.50864591675226e-29	57.3817601280681
CAV1	1.11831217777469	8.84147842270531	12.3531456952412	4.48394292017615e-30	4.56220871417964e-29	57.3692796641466
CCL4	1.30504326240937	6.27321889855072	12.3277124998868	5.65001160759638e-30	5.68534604551385e-29	57.139860926454
MYO1A	-1.27599066006693	9.53704186231884	-12.3233034713555	5.88088989120391e-30	5.90304766040486e-29	57.1001117517324
ALPL	1.12655525027886	7.04313525362319	12.3029254248219	7.07617049173792e-30	7.04484035050513e-29	56.9164810018329
LUM	1.16889976464027	10.2746302971014	12.2909593114429	7.88778911974526e-30	7.83044966310203e-29	56.8087176228617
COL3A1	1.0843597423313	10.3444693164251	12.2538339360027	1.10440685637764e-29	1.08183941066866e-28	56.474687929323
LAPTM5	1.09636956127998	10.3572356304348	12.2428221885343	1.22024461971057e-29	1.18957380413416e-28	56.3757021866828
SLC4A4	-1.38691028618238	8.88964538888889	-12.2388420596043	1.26502608638814e-29	1.2317518831572e-28	56.3399346375275
GREM1	1.80270745803123	9.08968246859903	12.2307443120287	1.36125083640069e-29	1.31990974596346e-28	56.2671807970274
RGS1	1.21043505026491	6.43255779227053	12.2269032320797	1.40940927187552e-29	1.36497676264893e-28	56.2326786818885
VCAN	1.21009299811768	8.1681584468599	12.2183337141891	1.52305418357998e-29	1.46978346421368e-28	56.1557221704798
AREG	1.26220090957891	8.25187943961353	12.2103690880101	1.63684158796002e-29	1.57584790556506e-28	56.0842204604134
SLAMF7	1.30282331148912	8.16417932125604	12.2058224437347	1.70555306631576e-29	1.63908591843273e-28	56.0434131979398
ENPP2	1.01869201498884	9.20281398067633	12.1942252998781	1.89410201388048e-29	1.81278279314321e-28	55.9393583316014
MCOLN2	-1.0959037410764	7.6988239589372	-12.1890658793395	1.98452373607913e-29	1.89708795500129e-28	55.8930806287047
GPR65	1.02567871374791	6.77298484541063	12.1849565356742	2.05960722525091e-29	1.96539500983867e-28	55.8562282518888
PTP4A3	1.19776624344674	8.01399317874396	12.1575671847175	2.63764564667802e-29	2.4993807232749e-28	55.6107519235832
CCL20	1.56455757515338	9.20196536231884	12.1553911158188	2.6899677921534e-29	2.5474747430236e-28	55.5912601667749
PIGZ	-1.35735094325154	8.54388684782609	-12.1436879744385	2.98960386063644e-29	2.81646680227263e-28	55.4864596765339
PTGS2	1.95316121960402	7.22820603864734	12.1263877827801	3.49444728249744e-29	3.27687609854967e-28	55.3316258945892
LCP1	1.2254746617401	9.81541447584541	12.1196781787241	3.71234173598611e-29	3.4711890420892e-28	55.2716043081098
SLAMF6	1.18956485185444	6.84625097584541	12.1195376858541	3.71704598311822e-29	3.47178071420574e-28	55.2703476808008
GSTA1	-1.29155038852482	6.3725069589372	-12.1173617029444	3.79066888411912e-29	3.53832050751406e-28	55.2508856597232
EXPH5	-1.30316569074177	7.31042266666667	-12.0973528625967	4.53949349457154e-29	4.21791359521339e-28	55.0720043649401
HPGD	-1.18901835547964	9.9384148115942	-12.083004280322	5.16552065072477e-29	4.78045991428976e-28	54.9438132842859
CR1	1.35164755493587	6.33014905555556	12.0761542320194	5.49399956749543e-29	5.07289698700956e-28	54.8826401983741
SLCO1B3	1.9205712836029	5.88961277294686	12.0404028455756	7.57728029112794e-29	6.91788662983821e-28	54.563639006825
IL13RA2	1.90335660310931	6.05388310386473	11.9480321141154	1.73523392348929e-28	1.53007523009356e-27	53.7415509481112
CD180	1.47105294276352	7.58210475845411	11.9427376534095	1.8194648064898e-28	1.60347736281268e-27	53.6945240013578
CD274	1.28594440497769	6.32285925845411	11.9419823926033	1.83180765468892e-28	1.61260596946639e-27	53.6878163815907
HLA-DOB	1.07081820991355	6.76044884782609	11.9392649743214	1.87691058394685e-28	1.65052347942209e-27	53.6636841650002
GLIPR1	1.17609452307586	8.65608485990338	11.9174450319877	2.28152433603407e-28	1.99446218315705e-27	53.4700078345886
PTGDR	-1.07288528234801	7.81170824154589	-11.9064311690721	2.51762737493192e-28	2.19377814852647e-27	53.3723132616635
CSF3R	1.64794700613497	7.04910175362319	11.9050224202148	2.54953043240145e-28	2.22038687336313e-27	53.3598206415724
CHI3L2	1.4279449852203	6.21058849275362	11.8166002844103	5.61167185453741e-28	4.77462195330301e-27	52.5771589402307
LRRK2	1.34862117045455	6.43375906280193	11.7829168065804	7.57338637263907e-28	6.40349125607479e-27	52.2797712610341
EGR1	1.16329376512827	9.30124476328503	11.7675250431886	8.68409144034882e-28	7.31218497394345e-27	52.1440195930013
SOD2	1.02192244666759	9.46506393236715	11.7647539726009	8.90062866642447e-28	7.48675551025176e-27	52.1195888032949
CDHR5	-1.11754061503068	9.30283	-11.750629519789	1.00907124126363e-27	8.44843727036339e-27	51.9951069717722
PROK2	1.93126043809258	7.18569642753623	11.7480939596512	1.03205361872346e-27	8.63196261341996e-27	51.9727684403766
HGF	1.11932919025377	6.00427533816425	11.7280636152922	1.23290393038948e-27	1.02537982460386e-26	51.7963839080271
GALNT12	-1.08389729113217	9.23877810869565	-11.7250603632973	1.26620121204908e-27	1.05253380547364e-26	51.7699506619336
TAGAP	1.1150723266174	6.51847367874396	11.6707611451474	2.04881330632705e-27	1.68327932462694e-26	51.2926206709078
RASSF2	1.14426866069437	8.05323925603865	11.6620003237657	2.21400419840929e-27	1.81532705491167e-26	51.2157112010632
UNC5CL	1.07771470824038	7.52406928743961	11.6569543058223	2.315097925796e-27	1.89439357462793e-26	51.1714264748394
BCL6	1.05864921716397	7.48711909178744	11.6530624940979	2.39619447253347e-27	1.95878050166707e-26	51.1372778787651
BTK	1.06302555877022	6.64557928743961	11.6021886323186	3.75627158731055e-27	3.0264337910453e-26	50.6914183359529
CLEC4E	1.14361944171779	5.10768525120773	11.5874173116295	4.27921851281999e-27	3.4358488167904e-26	50.562147984172
SERPINB7	2.392607304657	5.97760847584541	11.5842630017132	4.39995202811258e-27	3.52755897428996e-26	50.5345541009296
IRF4	1.05489971270218	8.06183721980676	11.5701051673214	4.98497939871553e-27	3.98087961712659e-26	50.4107486853128
KMO	1.02146947880647	6.15924880434783	11.5592033747727	5.4876666990809e-27	4.3651527913247e-26	50.3154689677448
FAM65B	1.21791838329615	6.79011829468599	11.5557931621166	5.65503870027448e-27	4.48949848159065e-26	50.2856737536334
CCL3	1.21938883059119	7.63746863768116	11.5286929408436	7.17886276050063e-27	5.65231098453952e-26	50.0490578446213
G0S2	1.15330251763804	8.33301146376812	11.5146984193309	8.11927460493008e-27	6.34662489681187e-26	49.926981379723
IFNG	1.02546403611266	5.29271907246377	11.5066052757441	8.71805534311731e-27	6.79506558182251e-26	49.8564184009972
COL12A1	1.37759648319855	7.37406498550725	11.5035627489893	8.95435293885207e-27	6.96587791332145e-26	49.8298976468699
CD53	1.11639410534021	9.16748934057971	11.4790689741025	1.11040350836856e-26	8.60523004983186e-26	49.6165248789641
SERPINE1	1.27500984760178	7.03559396618357	11.4357454934838	1.62374881236073e-26	1.24763791724228e-25	49.2396972091477
TREM1	1.60223569053263	6.54197181884058	11.4344074593469	1.64289942118213e-26	1.26056461254158e-25	49.2280707561039
CYP3A4	-1.86649999986057	5.51929484782609	-11.4160785129595	1.92901084970188e-26	1.47382958714176e-25	49.0688780209743
TFPI	1.07522880158951	7.10316195652174	11.4029377288916	2.16415085201745e-26	1.64343997645493e-25	48.9548280006569
KCNA3	1.0084015923034	6.61189763285024	11.3913943469355	2.39410914404445e-26	1.81129737895095e-25	48.8546985200641
CCL11	1.09917857341048	8.39607867149758	11.3618917256273	3.09834260067159e-26	2.3278393714061e-25	48.5990282289108
CORO1A	1.05299942324318	9.03403176570048	11.3426853915714	3.66397682408569e-26	2.74266639190311e-25	48.4327725854614
DCN	1.19808413991913	8.73126612801932	11.3398091949296	3.75710001525045e-26	2.80978519778348e-25	48.407888105672
ALDH1A2	1.1214824717652	6.14517198550725	11.3367552152702	3.85855766980475e-26	2.88035924170864e-25	48.381469102135
BEST2	-1.69073638887339	6.92536712318841	-11.3116240238162	4.80388034600459e-26	3.5650346717879e-25	48.1642094694051
BEST4	-1.60473646346905	7.88953366666667	-11.2664686106702	7.11728151069565e-26	5.22416178095371e-25	47.7744801450733
SATB2	-1.17536094206636	9.52577726811594	-11.2613799063067	7.43928559663673e-26	5.43840891727141e-25	47.7306121074231
FABP1	-1.1583379211517	11.0199698236715	-11.253243436986	7.98451664240379e-26	5.82389497108187e-25	47.6604921554259
SELE	1.78816256476576	6.71470350483092	11.2004913894841	1.26218356940788e-25	9.09611759931151e-25	47.2065307467597
ST3GAL4	1.09172708010318	7.90445361594203	11.1960173372183	1.31210088224468e-25	9.44747516054862e-25	47.1680813602846
SPINK4	1.59047995984384	10.7167816521739	11.1664082843788	1.69572763882413e-25	1.21077635582298e-24	46.9138326827109
CFH	1.0789623136503	8.65259079227053	11.1540040605301	1.88788176546848e-25	1.34561256888721e-24	46.8074267812971
CCL3L3	1.20427054015617	8.24171710144928	11.1500703046859	1.95322973733344e-25	1.39157985363462e-24	46.7736955163181
MME	1.58309480751534	6.7623311884058	11.0927507146835	3.20467313351958e-25	2.25061119675137e-24	46.2829182095525
KRT6B	1.08530614626324	6.76856334782609	11.0743635869057	3.75524283402979e-25	2.62141113813651e-24	46.1257752841594
GFPT2	1.12166156065254	6.47195981400966	11.0661765978255	4.02973441705996e-25	2.80459160649428e-24	46.0558518784341
SLC22A4	-1.00900771298104	6.90008268599034	-11.0575200677833	4.34169146548259e-25	3.01653817894646e-24	45.9819487767596
NETO2	-1.06510358616843	7.73157097101449	-11.0448764193429	4.84097080604123e-25	3.35625497307918e-24	45.8740631136285
FCGR1A	1.1295085094116	6.1681363236715	11.030766705652	5.46579805341798e-25	3.77174879686181e-24	45.7537471995989
PXDN	1.04243033937535	8.612517352657	10.9913112853258	7.67165221302887e-25	5.24493143096054e-24	45.4177501657582
CDHR1	-1.51403283052148	7.24239769806763	-10.9204830935071	1.4076334326731e-24	9.4800874075303e-24	44.8162460842452
NR4A2	1.33943444457613	7.58962516183575	10.8476756373664	2.62119570801203e-24	1.7315874573538e-23	44.2001760080113
SLC16A4	1.2292693794618	6.70248489371981	10.7803820293604	4.64717232628418e-24	3.04275574030799e-23	43.6328062879753
S100A12	2.18492624212214	6.44726139613527	10.7442559369768	6.31461831660803e-24	4.0965613677923e-23	43.3290353877299
P2RX5	1.06722962353597	7.56275070048309	10.7322631576051	6.99032698103722e-24	4.51868750074924e-23	43.228319573726
RSPO3	1.06919866299499	6.7180785410628	10.7258794401817	7.3788308018895e-24	4.76792760880741e-23	43.1747347659856
SPP1	1.82350109383714	7.32768301932367	10.7113793842655	8.34285339806448e-24	5.37162086259691e-23	43.0530885093111
FOS	1.40410528611265	9.02222244202899	10.7020707132398	9.02668543892608e-24	5.80271618148686e-23	42.9750437479642
HNF4G	-1.03101410199388	7.90139452898551	-10.6721825000803	1.1621720744905e-23	7.41809048803814e-23	42.72471831444
TMEM156	1.0284454355131	6.24288748309179	10.6474001868642	1.43263719497819e-23	9.06964824915879e-23	42.5174585878726
CXCR1	1.54122160422476	6.39804275120773	10.6386910729284	1.54184561219074e-23	9.72691500144087e-23	42.4446876092311
FCGR2B	1.10348223459286	8.08336318115942	10.5826945281787	2.47075543694039e-23	1.5425373263818e-22	41.9776091529265
THBS2	1.26241802063582	7.40822214009662	10.5524463156497	3.18567618887152e-23	1.97823552714372e-22	41.7258911640722
REG1B	3.28902511705243	7.96490901932367	10.5015662158837	4.8804153484771e-23	2.97940006867398e-22	41.3034173418328
PDZK1	-1.2945893472532	5.63524932608696	-10.4976682020238	5.04230064625503e-23	3.07707201660873e-22	41.2710995832085
HHLA2	-1.2194399695343	9.9699535821256	-10.4760853334206	6.04009211766579e-23	3.67493586687333e-22	41.0922856704267
CD37	1.06843451945064	7.92180856280193	10.4330857218711	8.64963095060155e-23	5.19457326600982e-22	40.7366721946769
P2RY13	1.06476158616843	6.82317772463768	10.4308107955545	8.81532477001061e-23	5.29017144894544e-22	40.7178819414296
ENPEP	-1.30664008052147	5.52297121497585	-10.4263628375489	9.14845472920686e-23	5.48603460532622e-22	40.6811499658077
FPR2	1.33026859976297	5.6591381352657	10.4182883107462	9.78547142450103e-23	5.85938452909234e-22	40.6144925647318
CLDN8	-2.61243445057166	6.29693759178744	-10.3538934737026	1.67210233325173e-22	9.80986823742741e-22	40.0839790197226
CA1	-1.90029702579475	8.52671186714976	-10.2491021265244	3.98236185381863e-22	2.28279938223656e-21	39.2248123075609
KCNJ15	1.20994258463469	5.93986424396135	10.175687037536	7.29211688345475e-22	4.12475431510697e-21	38.6259942247546
FFAR2	1.21009385276074	6.67903683574879	10.1353948378952	1.01524292690312e-21	5.69117378582362e-21	38.298443654182
FABP2	-1.27065178743725	8.0643804589372	-10.1279401743649	1.07925264127227e-21	6.0333452608585e-21	38.2379275985688
SLC9A2	-1.14946321786112	8.48490643478261	-10.0782262426325	1.62146880428453e-21	9.00563552236086e-21	37.8350436705537
TNFAIP6	1.72283327370329	6.39748259903382	10.0715366302821	1.71260889207891e-21	9.49884201541787e-21	37.7809223380014
HSD11B2	-1.13435834132739	10.2284164879227	-10.0291581878057	2.4204431266099e-21	1.33157147090513e-20	37.4385728475999
CA2	-1.38401703743726	10.6665744202899	-9.98481345246154	3.47296873830328e-21	1.8888626160029e-20	37.0812809123193
HEPACAM2	-1.6521020940463	8.43407126328502	-9.97985624358872	3.6157989902196e-21	1.96260352004204e-20	37.0414000921609
KLK10	1.61989445112939	7.48438414009662	9.94503306962967	4.7975068302924e-21	2.59017553153095e-20	36.7615892945032
IFI44L	1.05054213901283	6.58455420048309	9.93254664667704	5.30871367205121e-21	2.85952621426928e-20	36.6614047895448
CXCL5	1.51756899156443	7.13158306521739	9.91923733115639	5.91322871356454e-21	3.17672329997148e-20	36.5547030780043
FN1	1.03835711977133	8.65156641545894	9.90322168794587	6.73184040799003e-21	3.60102496610421e-20	36.4264213991598
FCER1G	1.00501366473787	8.74926156038647	9.89696573849656	7.08131977670162e-21	3.7780212636631e-20	36.3763473823669
ZG16	-1.52635969394868	10.4334069806763	-9.89641248852178	7.11307946115863e-21	3.7937201943974e-20	36.3719199858276
SLC5A1	1.10406951512827	9.38499399275362	9.8874958270155	7.64488719405394e-21	4.07334628821543e-20	36.3005852642593
GPR84	1.00112482104016	6.00045444444444	9.88178480866147	8.0060458451463e-21	4.25461906571198e-20	36.2549170732536
CXCL13	1.90015920280257	7.6635735942029	9.84425401435425	1.08389360170827e-20	5.71152883312614e-20	35.9552083150544
BANK1	1.42566152370329	6.7626950410628	9.83116948150522	1.20443997786992e-20	6.33441879623435e-20	35.8508857791764
S100A7	1.06450569485499	6.10820389613527	9.82151721918937	1.30180666058627e-20	6.82881215015734e-20	35.7739838823155
EGFL6	1.07946661586726	5.83497134299517	9.75272069200748	2.26255461036663e-20	1.16874682050439e-19	35.2272301888923
BTNL3	-1.3526975672058	9.34180862318841	-9.72905891917799	2.73480034181996e-20	1.40420980584253e-19	35.0397364024671
PARP15	1.0128192674986	6.30808275120773	9.72070504969358	2.92389800203049e-20	1.49893584955828e-19	34.9736093517828
IL6	1.58010462158394	6.19482488164251	9.71355842940445	3.09592591094944e-20	1.58662541718194e-19	34.9170668976922
DEFA6	2.24671796576966	7.65315137439614	9.64490022965177	5.35487781575485e-20	2.70422993734717e-19	34.3751946792599
SLC26A3	-1.37756679029559	11.5664049299517	-9.62222455448387	6.41375875186829e-20	3.22593604074935e-19	34.1967651183876
ENKUR	1.17364025878417	5.37570292270531	9.50393675424389	1.6369886739023e-19	8.01286233120071e-19	33.2703268585333
FCGR2A	1.2943593181121	7.92132578985507	9.49225244771682	1.79503317936083e-19	8.76271679116638e-19	33.1792126189462
DSG3	1.35703657675683	6.33656005072464	9.48956403527522	1.83348689039694e-19	8.94685951458121e-19	33.1582585632895
CCR7	1.13567757682655	7.62889939855072	9.47250020951954	2.09733477087506e-19	1.0198619796975e-18	33.0253484912057
LILRA3	1.00843223333798	6.62616456763285	9.43864272283601	2.73734112347534e-19	1.32040755706731e-18	32.7620889913349
IL24	1.41478315867262	6.61172248550725	9.43359233929054	2.84812752939028e-19	1.37181151393365e-18	32.7228717826806
DEFA5	2.34283433958449	8.30145955555555	9.41843899160776	3.20792194576848e-19	1.54099732606218e-18	32.6052845276404
SERPINB3	2.25381725132459	5.9094144057971	9.38068666900889	4.31232202586635e-19	2.05813642415137e-18	32.3128659038587
CA7	-1.33772490504741	7.99587353140097	-9.30554470627176	7.75324135718185e-19	3.63211084737856e-18	31.7331128851475
WNT5A	1.13012298828778	7.28349215458937	9.26202373135304	1.08755090126729e-18	5.04677033023835e-18	31.3987241041278
LTF	1.10926432564139	6.90740202415459	9.24927214498294	1.20068085255697e-18	5.5622190806452e-18	31.300943527317
FCRL3	1.06959178416063	6.74244385024155	9.05393926798042	5.40791623265427e-18	2.41307102407646e-17	29.8142694787232
CKB	-1.36852370775237	10.4040070386473	-8.98079343683708	9.45064170422966e-18	4.14080286695703e-17	29.2630158437198
CCL19	1.42733708825991	8.77331483333333	8.88419182050193	1.96636988035119e-17	8.46054459242444e-17	28.53961917525
MS4A1	1.7165403570831	8.212291352657	8.66143053374552	1.04413996397253e-16	4.26661266143264e-16	26.8918941744832
INHBA	1.03962008184607	6.40326033091787	8.65281248458767	1.11317692482154e-16	4.53958298752193e-16	26.8287279626956
HLA-DRB5	1.05559746542108	8.99826644202899	8.54290687724315	2.50919222558913e-16	1.00287463989299e-15	26.027013626306
TLR10	1.01257904754601	5.85037460386473	8.40993718017745	6.64490146892302e-16	2.5877376892276e-15	25.0666777584693
SERPINB4	1.39934085436419	5.3552603647343	8.20215521041738	2.98050690967856e-15	1.12381015752172e-14	23.5875054110993
FOSB	1.0494822513246	7.25259231884058	8.15125832279747	4.28775517615399e-15	1.59963979264643e-14	23.2292319381652
CD22	1.24122487967094	7.45847370772947	8.10915041162006	5.78600346426171e-15	2.13700777949357e-14	22.934045993546
STAP1	1.00763120433631	6.02370694202899	8.02447927448581	1.05354914146902e-14	3.82853915429629e-14	22.3438494555849
KLK6	1.14208176965979	6.21564965458937	7.83139610027988	4.06409685295063e-14	1.42217135997633e-13	21.0149984516552
CCL21	1.12740275481037	9.15490466908212	7.76713651966724	6.33633025277097e-14	2.18716446341931e-13	20.578064115572
CR2	1.31002634969325	6.46403314251208	7.50169238838386	3.85840620730484e-13	1.26929067358119e-12	18.8018571385878
NMUR2	1.1267625649749	6.13647552415459	7.49635094814937	3.99937706617021e-13	1.31406948447901e-12	18.7665949646552
MS4A12	-1.70038726352482	10.4736679830918	-7.40043026924465	7.59403289518962e-13	2.44522743371759e-12	18.1366271389358
TCL1A	1.0634772352203	6.53858039855072	7.22740179555804	2.37756416078614e-12	7.41466036786328e-12	17.0160365699175
TFPI2	1.04493373821807	5.69405682125604	7.21827891225834	2.52362580113463e-12	7.8611161384395e-12	16.9575229752636
CD177	-1.49383058254322	10.1001663961353	-6.94746213668698	1.44381558389891e-11	4.30285110103452e-11	15.2468941562478
ALDOB	1.35774473975181	8.77589184541063	6.79190284179369	3.84350840338968e-11	1.11477521084215e-10	14.2877045152635
CEACAM7	-1.23887186551868	11.6772088647343	-5.97095508738676	5.06575524320975e-09	1.25646502529612e-08	9.52008125446831
CLCA1	-1.19929523856665	10.998096852657	-5.63615753806245	3.21398176717561e-08	7.51192545640311e-08	7.72354212014492
UGT2B15	-1.19092021109872	8.52108179468599	-5.61197616877616	3.66067180316129e-08	8.51676127031842e-08	7.59721132660544
PI15	1.0174741917875	6.46424242753623	5.49734821498051	6.74229025556129e-08	1.53543944707296e-07	7.00472321792166
INSL5	1.03014066773565	7.3782958647343	4.60486771219236	5.49461137029567e-06	1.06187334259335e-05	2.76067234376275
UGT2B17	-1.10916736356664	7.75568923671498	-4.55171437373741	6.99767402935367e-06	1.33897563465238e-05	2.52907727907231
