id	B cells naive	B cells memory	Plasma cells	T cells CD8	T cells CD4 naive	T cells CD4 memory resting	T cells CD4 memory activated	T cells follicular helper	T cells regulatory (Tregs)	T cells gamma delta	NK cells resting	NK cells activated	Monocytes	Macrophages M0	Macrophages M1	Macrophages M2	Dendritic cells resting	Dendritic cells activated	Mast cells resting	Mast cells activated	Eosinophils	Neutrophils
GSM2869371_con	0.173361821448512	0.198395806845263	0.0548824145639488	0.150093287389324	0	0.0557529083510473	0	0.0802112414371665	0	0	0.0236025442930066	0	0	0	0.0029364410242104	0.165649586480542	0	0.0425024028741209	0.0526115452928589	0	0	0
GSM2869372_con	0	0.000975119636529798	0.210595319136578	0.196106263588901	0	0	0	0	0.00898368187372573	0.00176353727376951	0	0.0418168566736297	0	0.0995890644787701	0.0196149664992239	0.155106891351707	0	0.0144383838081091	0.241537614306603	0	0.00947230137245412	0
GSM2869377_con	0	0.0600885764558788	0.320978487672651	0.121181558657143	0	0.0727918083613575	0.0270259553079784	0.0022903516399388	0	0	0.0195573297188216	0	0.0246021132750304	0.0811255060398688	0.0870622499709268	0.0856802556243733	0	0.0204691150213944	0.00968269815991212	0	0	0.0674639940947242
GSM2869383_con	0	0.0528130998572898	0.346704187485149	0.131734276040567	0	0.0289703890438932	0	0.0281340863616648	0	0	0.0103349672202735	0	0.0287416344074974	0.0552080764625386	0.0889515053697298	0.0857698112071638	0	0.0449738138279813	0.0191823599576325	0	0	0.0784817927586201
GSM2869388_con	0.283987303820246	0.0711726500012397	0	0.149577640437138	0.0523776153457408	0	0.0740937625960504	0.0545871137240075	0.0342207044670611	0	0.0352075858338354	0	0	0.0441917750181001	0.0119846257466107	0.121852356786889	0	0.0462807179978544	0.0204661482252263	0	0	0
GSM2869432_con	0.00908620604448374	0.0610964422225463	0.255581168921387	0.119267161701339	0.0751837224883684	0.0120547179717296	0	0.0254837420895285	0	0	0.0765523271251994	0	0	0.0190084235095251	0	0.255005132334857	0	0.0147397452931641	0.076941210297871	0	0	0
GSM2869437_con	0.0309475611418632	0.178002356305053	0	0.157489583420638	0	0	0	0.113090206472379	0	0	0.0779575760488413	0	0.00460266656898527	0.0556086839358284	0.167781329066113	0.110855705694041	0	0.0641365527973413	0.00457631584448706	0.03495146270443	0	0
GSM2869439_con	0.050319077518038	0.143324526026418	0.0741029836453691	0.134678105149414	0	0.0112480741468613	0.00780335125003307	0.116716230613103	0	0	0.052936320981269	0	0.00900530644926839	0.0624564519193902	0.120989587418894	0.107729897900938	0	0.0456066491032502	0.0593324118920311	0	0.0037510259857221	0
GSM2869440_con	0.023652527894588	0.192353324188392	0.0213062297723496	0.160358249592274	0	0	0.00075105181116051	0.0997541533089131	0.0211857096501518	0	0.0456161984509781	0	0.0077085649395657	0.0784733309912148	0.137070651126703	0.114175556732051	0	0.0366794079743649	0.0609150435672932	0	0	0
GSM2869444_con	0.0949127540347606	0.091976513200386	0.0188669737525805	0.15054872160123	0	0.0494191491812853	0	0.141469169285702	0	0	0	0.0461363031814969	0.0246569682873087	0.0502369223978052	0.142532627142598	0.0699140179614822	0	0.0401514662835953	0.0791784136897693	0	0	0
GSM2869447_con	0.0577093429738645	0.116923523642011	0.0392608595150993	0.163664049716294	0.0684158554119549	0.146409981619663	0.00256604705615852	0	0	0	0.114706465988016	0	0	0.0232035936606995	0.0316776924709043	0.117009646094959	0	0.0523109854155802	0	0.0656421141786832	0	0.000499842256112736
GSM2869448_con	0.281384802445384	0.0294839448683673	0.0375715950241661	0.126394950243511	0.0289874102744931	0.0163359939531405	0.0296469382900739	0.0543709215927989	0	0	0.0489893652451181	0	0.0336103939575034	0.0450086733333115	0.0344325887688842	0.135909112850671	0	0.0486866537492479	0.0440611358119161	0	0.00512551959141238	0
GSM1900224_con	0.0384841743106264	0.048104159739637	0.186576559157336	0.122446016417182	0	0.0548122618273923	0.00564816933502331	0	0.0214660607285408	0.0385296233352672	0	0	0	0	0.0110995092392792	0.253327778643135	0.0163265893249809	0.0210502482010032	0.137125278087182	0	0.0450035716534153	0
GSM1900225_con	0.0288203462200761	0.165002749743575	0.164492635266985	0.188299848792233	0	0.0493283022361239	0	0	0	0.0143423013008189	0	0	0	0	0.00912339406591142	0.186785391422764	0	0.00992534986725065	0.1210028583904	0	0.0628768226938625	0
GSM1426080_con	0	0.0936902218607055	0.306972480543193	0.172015793712309	0	0.024762782738048	0	0.00828038786479207	0	0	0.00890389302430646	0.00755391865586495	0	0.0808081911531038	0.0197634863071049	0.145391425794385	0	0	0.131857418346188	0	0	0
GSM1426085_con	0	0.0559563934649576	0.248493018936704	0.142177077395389	0	0.055514095223036	0	0	0	0	0.00271282634021163	0.00703832903634452	0.0163010676224011	0	0.0348651956077086	0.287581034763367	0	0.00113037662820861	0.148230584981673	0	0	0
GSM1426087_con	0.0443238269552463	0.0613836597331044	0.260684273099437	0.0786697218797626	0	0.0617896455067078	0.00530588903550845	0	0.00814771615812321	0.0360285573427337	0	0	0	0	0.00577725902492698	0.238262896056099	0.00473622807301176	0.0206496405405383	0.140054713094905	0	0.0341859734998959	0
GSM1426088_con	0	0.215381960153551	0.23025127513743	0.182720561884166	0	0	0	0	0	0.00806756138485057	0.00345508313404677	0	0	0.00650514729275894	0.00496509018691715	0.161324406754944	0	0.00723010192425123	0.130779993949409	0.00574255775155162	0.0435762604461238	0
GSM1426089_con	0	0.0593306027658769	0.270444390301727	0.121231017148082	0	0.033986162082385	0	0.000132316077833777	0.0209526704588678	0	0	0.0377051418004901	0.0162775997362255	0	4.22095646297835e-05	0.280060730153921	0	0.011928309846133	0.125579066517433	0	0.0223297835463956	0
GSM2332099_con	0.0347093020244743	0.0243880151023943	0.152097973134996	0.190789914899654	0	0.0454354774365522	0.000475635467987058	0.00884612392194014	0	0.017714623441885	0	0.00706837693301678	0	0	0.0325255720422334	0.247423786417094	0.0421143378877183	0	0.194316424252324	0	0.00209443703773128	0
GSM2332100_con	0	0.00288005067337543	0.38556852278278	0.27376800124517	0	0.069205091685851	0	0	0	0	0.0132063272342413	0.011775552377124	0.00661434569713604	0	0.0216750539421701	0.153170991166023	0	0	0.0499632051098827	0	0.0121728580862461	0
GSM2332101_con	0.00688314560829434	0.0313742480326517	0.391814593179727	0.20881596314831	0	0.0100448047834667	0	0	0.00410976206699703	0	0.00198209383842211	0	0	0	0	0.253672195536606	0	0.00308692976294897	0.0882162640425764	0	0	0
GSM2332108_con	0.0244970518436712	0.05764256659965	0.235571979689961	0.0850878460421396	0	0.0850657969945014	0	0.042809518757975	0	0.016844879621668	0.0317120141860691	0	0	0	0.0332251516722316	0.243594892259125	0	0.0303922947747655	0.0956009809225246	0	0.0179550266357179	0
GSM2332114_con	0	0.0186882240500113	0.345282529319398	0.096182580919847	0	0.0868269719168476	0	0	0.0264072789759447	0	0	0.0450014386801588	0	0	0	0.220428879890483	0	0.00662286372972511	0.154559232517584	0	0	0
GSM2869335_treat	0	0.103631578654583	0.384836486466225	0.0562202226980091	0	0.0654328278845305	0.0277620152176427	0.0136083674796155	0	0	0.0346713342320531	0	0	0.0350029876282376	0.0495431249246264	0.147853769694856	0	0.0229821729812103	0.0227439586789383	0	0	0.0357111534594731
GSM2869336_treat	0.14245776591795	0.126798032807483	0.235882500216844	0.124669590910644	0	0.00307066795875606	0.0237215478308185	0.0509293828503531	0	0.000789491952592953	0.0400615671849931	0	0	0.0412229651915444	0.0585291671304175	0.0872157014601644	0	0	0	0.0438280881662245	0	0.0208235304212153
GSM2869337_treat	0	0.0117571204259994	0.220432317428996	0.325481656538246	0	0.00627284607492963	0	0.0059822711384127	0	0.0289236725024938	0	0.00160591118705499	0	0.0605814459602251	0.07300002248863	0.0718300420620087	0	0.0203637030472019	0.123479859437135	0	0.0502891317086668	0
GSM2869338_treat	0.142323816074236	0.0978260781427349	0.0619645157926733	0.0910447344487904	0	0.0181291368479354	0.0654721786730696	0.0619763892888376	0	0	0.0508754472530218	0	0	0.127862876843737	0.08135800130811	0.0636200235504386	0	0.0344860276192008	0.0222865866905568	0.0259773114740423	0	0.0547968759926152
GSM2869339_treat	0	0.136955385443693	0.256871569541931	0.11958579006232	0	0	0.0723377720024086	0.0132767778034061	0.00413626699032286	0	0.0364124263644248	0	0.00834787159255578	0.0153628735966998	0.12433832278625	0.134103547733883	0	0.0341239354905177	0.0380730605255828	0	9.74877059196833e-05	0.00597691236008505
GSM2869340_treat	0	0.0882902390967265	0.421508329690949	0.140907448706414	0	0	0	0.0184507186500361	0	0	0.0144127914377101	0	0.0034200352192206	0.0667093872347109	0.0676463765605359	0.123280418811004	0	0.00879383595756651	0.0246406923523155	0	0.00533761374072088	0.0166021125420891
GSM2869341_treat	0	0.00798247389578207	0.403426756034717	0.111274685138817	0	0.0858089400204174	0	0.0200783995383969	0	0	0	0.0372730923543117	0.0048869888061085	0.040065686290801	0.0503323699842716	0.0974423945154657	0	0.008621066806884	0.0775136711587954	0	0.0076384723177858	0.0476550031374455
GSM2869342_treat	0.0849778050272241	0.0864307794765841	0.0314040956518093	0.246823638810098	0	0	0.040287577440108	0.0679190826912775	0	0.107448979774564	0.00260288535414922	0	0	0.0780538684645584	0.115674020801315	0.0343989291523959	0	0.0137937525731505	0.0863430296731189	0	0.00384155510964611	0
GSM2869343_treat	0.0286303010345634	0.189502444723283	0.217184237288937	0.136219215784878	0	0	0.0122177220874354	0.0348837051213182	0.00833616197676365	0.0145444850133843	0.0729829531671748	0	0	0.0557713764916739	0.0947040690151418	0.0492044553165758	0	0.0235446206054434	0	0.0493339449929204	0	0.0129403073805074
GSM2869344_treat	0	0.0273822384058866	0.266174267501183	0.165095351977052	0	0.0803251084017352	0.00444310152486705	0.0221823012675068	0	0	0.0132175925663732	0.0274417523772722	0	0.0424079676724006	0.0757341339367728	0.0550541276716134	0	0.013892922074496	0.169774239162354	0	0.0337550116573666	0.0031198838031206
GSM2869345_treat	0	0	0.370287239702991	0.180067321864193	0	0.0625094389592028	0.00275592958593445	0	0	0	0.00614817870602191	0.0121209034053543	0	0.062759997376587	0.0785647179843581	0.0827509888138207	0	0.00310398726451813	0.116229763711638	0	0.022701532625381	0
GSM2869346_treat	0	0.0206202105399486	0.336982970712124	0.0790217853054583	0	0.0776582110494476	0.055285054655182	0.0284464316661578	0	0	0.00402336010105011	0.00693354013350963	0.0191468254389251	0.0728325970274391	0.0851536277651784	0.0725100655519606	0	0.036413341025183	0	0.00705853061860942	0.00504190371200711	0.0928715446978188
GSM2869347_treat	0	0.0214912964754886	0.234582277180377	0.220069308639578	0	0.100965203574342	0	0	0	0	0.0244350448088932	0.0087809334236629	0	0.0839560878333109	0.0886257976981494	0.072242815002987	0	0.00432594440209651	0.103692957763872	0	0.0368323331972415	0
GSM2869348_treat	0.0902987131905949	0.0770915461941487	0.0793928900059621	0.1791897661208	0.0600827438613546	0.0290086338547481	0.0686643511744006	0	0	0	0.0616759229671694	0	0	0.117576337904925	0.0557311836918341	0.0472771520535004	0	0.0492577328182587	0	0.0719867603912153	0	0.0127662657710885
GSM2869349_treat	0.0663764050707946	0.0614913860439806	0.377934285462512	0.0704981902902425	0	0.0890492568997763	0.0021848117352606	0.045764802379204	0	0.00840095383656165	0.000959534605677093	0	0	0.042553305537186	0.0194565206363827	0.0958032559856951	0.0219341436916255	0.0240077707829782	0	0.0104234267448687	0.0416796215017098	0.0214823287955448
GSM2869350_treat	0.0356414793085185	0.070082780748053	0.23559315729577	0.127889031399094	0	0.0303449578204248	0.0302811229368144	0.030600734219202	0	0	0.0318826387521605	0	0	0.149805768039046	0.097285532571276	0.0805114682439148	0	0.019073595150808	0.0139489574666951	0.0365129682434207	0	0.0105458078048031
GSM2869351_treat	0.0141744754440713	0.0273127975244304	0.0940945288652588	0.157001155724094	0	0.100913411271693	0.0143753498130054	0.0248826589617821	0	0.140374851187175	0	0.00644717043425599	0	0.0266305047380466	0.102132967194697	0.0876444338074062	0	0.02296950106437	0.135140610909344	0	0.0459055830603698	0
GSM2869352_treat	0.253447378070398	0.0562181000372141	0	0.0734050540022991	0	0.0751128139538124	0.061589030783462	0.0717509428663506	0	0.0115922360647358	0.0266759171731432	0	0	0.0855449723638411	0.104340420370863	0.0624677445126647	0	0.0502836115297558	0.0580127089765928	0	0	0.0095590692948674
GSM2869353_treat	0.211805204271028	0.0587728706039721	0.0837542877683291	0.0230614776134299	0	0.111821603876537	0.0524913484197315	0.0284195148536878	0	0.0101312372614126	0.0746534079257215	0	0	0.0911620949075593	0.0546747078110476	0.0617259834559735	0	0.0464328178012753	0	0.0542664367377169	0	0.036827006692578
GSM2869354_treat	0.0270044281983976	0.194015073406139	0.326661705854515	0.136434351090954	0	0.023068367782902	0.0307550196623053	0	0.00331188880474507	0.0339402231796558	0.0111077832331861	0	0	0.0662495008768578	0.0548736226765981	0.06083286616138	0	0	0	0.0272712578284369	0	0.00447391124392789
GSM2869355_treat	0.0733673788724827	0.0653937030538133	0.190967862135487	0.141520764378473	0	0	0	0.0194188332282328	0	0.0096002566939224	0.035643525406703	0	0	0.0189980673251604	0.074203539532507	0.144309581252437	0	0.0219351405379728	0.179803452875548	0	0	0.024837894707261
GSM2869356_treat	0.017503028328264	0.0694973607605637	0.433676704980025	0.15737839523914	0	0.0277953087374994	0	0.00544946677189641	0	0	0.016238792425574	0	0.00243670047357986	0.058976483561372	0.0600280267487889	0.0935512193320967	0	0.0175145841857984	0.0201874909265126	0	0.00903823720436714	0.0107282003245211
GSM2869357_treat	0.143145989792036	0.170343435202955	0.0623011820075747	0.103058220217576	0	0.0197552294347769	0.0644229602072451	0.0507476533986132	0	0	0.0706415711580446	0	0	0.0889402590776813	0.0495793727328367	0.0788439916259804	0	0.0222173640181356	0.068457308654332	0	0	0.00754546247221243
GSM2869358_treat	0.104515171699525	0.0814126213773941	0.03301078636113	0.267525963477797	0	0.019859395804608	0.00678485481041041	0.0490633413846902	0	0.0646784691409776	0	0	0	0.0592756808042376	0.0810473116888952	0.0976390826298506	0	0	0.0946020584945335	0	0.0405852623259503	0
GSM2869359_treat	0.0276649589990957	0.0715235972236166	0.239849984110244	0.231372957556134	0	0	0.0343016548727265	0.0596797369564228	0	0	0.0266001104045284	0	0.0184334022561367	0.0880413459793189	0.0584890517042918	0.0342956172538852	0	0.0290488822276535	0.0806987004559468	0	0	0
GSM2869360_treat	0.0657278291038503	0.0958300517129615	0.202922716741095	0.167686640767686	0.0343166452065961	0	0.0488549298467499	0.0352721026954499	0	0	0.0379831274659493	0	0	0.0965269426251516	0.0571573977095241	0.0466727382411799	0	0.051017126518362	0.0600317513654444	0	0	0
GSM2869361_treat	0.0776084272282916	0.0699034849045213	0.239233447805325	0.150227130161444	0	0	0.0463968373071255	0.0454967513737828	0	0	0.0487269369224526	0	0	0.106933778876225	0.0713198831474866	0.0645546412955458	0	0.020512117520357	0.0590865634574426	0	0	0
GSM2869362_treat	0	0.00350245329520474	0.170602215559596	0.235277450584068	0	0	0	0.0264711146261842	0.0173976218512208	0.0251570267306459	0	0.0192449570219718	0	0.0822453386819914	0.0468438624382535	0.112215701082562	0	0	0.253352607438622	0	0.00768965068968037	0
GSM2869363_treat	0	0.0363775189457722	0.232581965113674	0.228071095527262	0	0	0	0.0558165308961124	0	0	0.00231322818994167	0	0.0356797163664871	0.0241713457725663	0.0314999268315009	0.0590342077982179	0	0.0446830370941731	0.200925808273361	0	0.0488456191909317	0
GSM2869364_treat	0	0.0907491315823456	0.234645096353012	0.117610941785721	0	0.0149838809921363	0.068427328818289	0.0190032521104117	0	0	0.0564520257512258	0	0.0148522927989194	0.0600649183299357	0.111863473699827	0.0621559459805543	0	0.0323785734404742	0.0288644582120742	0	0	0.0879486801450728
GSM2869365_treat	0	0.0861267343565576	0.416168331063658	0.126592878022837	0	0.00583966670611842	0.00827846815521108	0.0238126226803813	0	0	0.0604694201878903	0	0	0.0837436955778015	0.0367278950066757	0.0690155719675407	0	0.0222862821942806	0	0	0	0.0609384340810471
GSM2869366_treat	0.102549807415966	0.027380477899596	0.275208415182569	0.127412153809187	0	0.0323952858931494	0.0161613210598654	0.0365592258949636	0	0	0.0479621142590063	0	0.0128601872588042	0.0956828202813326	0.0714342709159713	0.0916221011845117	0	0.0156108256399844	0.0257868221194764	0.0199367900353639	0	0.00143738115025285
GSM2869367_treat	0.226285215542259	0.120406565571848	0.0153903262221311	0.079845499507481	0	0.0314294066557007	0.0537211497562059	0.0953993795434464	0	0.00174675093969241	0.0501346501158104	0	0	0.0825736508128215	0.0567271341777176	0.0848182523579067	0	0.0253793058348918	0.0710820370783403	0.00145132217133054	0	0.00360935371241629
GSM2869368_treat	0	0.0783457629378732	0.176852045044255	0.114418364884382	0	0	0.127142635556026	0.00667618158505102	0	0	0.0621024259967761	0	0.0121401311501152	0.0411773733048461	0.135529461333284	0.0425353459365361	0	0.0267671503927321	0.0308691934694456	0	0	0.145443928408678
GSM2869391_treat	0.0155900697478343	0.0835426668262279	0.184496255587674	0.0520116613502696	0.00522163910349081	0.0729146566952349	0.0572439021131876	0.00710513721210863	0	0	0.0574159015228462	0	0.0374155136366818	0.114406808843946	0.0693670639053244	0.0254928977229546	0	0.0248199469704669	0.151464246701549	0.00322648128303869	0	0.0382651507771645
GSM2869392_treat	0	0.0205496544387438	0.414206803122793	0.149038249168021	0	0.0125042169556128	0	0	0.0579084064335754	0	0.0206352181406814	0.026040014609245	0.0200874540812019	0.0729046894541885	0	0.127261700690333	0	0.0428134795096416	0.0360501133959629	0	0	0
GSM2869393_treat	0.0474954141156477	0.122679478522136	0.0360734502009304	0.166434187546879	0.113753886573472	0.0266662811679932	0.0352170835881026	0	0	0	0.0398884203865126	0	0.0472567732212644	0.100286871059509	0.048016456440461	0.0358421827606885	0	0.0715973035665968	0.00833118903536168	0.0819175401010065	0	0.0185434817134391
GSM2869394_treat	0.0075885953286561	0.0984992069406851	0.224530237219078	0.130180103306993	0	0	0.0328747517943876	0.0428537065613663	0	0	0.0394061320737863	0	0.00503002509442103	0.105726303738643	0.0671728527141242	0.0553864566116208	0	0.0332260876014429	0.147020273417653	0	0	0.0105052675971432
GSM2869395_treat	0.0178764272297671	0.0577260088445386	0.156484998431513	0.124318934093815	0	0.0133896227129585	0.0731787420773359	0.0136267664186905	0	0	0.0459114239371827	0	0.0254336612057666	0.0541779853797488	0.142327213493257	0.0971858447120121	0	0.0245442964432235	0.0163518372816677	0.0295254465305524	0	0.107940791207969
GSM2869396_treat	0.122053562332517	0.148331904408262	0.17825739030099	0.0535671689472977	0	0.0137658736100074	0.0457272003600203	0.0776595024494089	0	0	0.0417703130126242	0	0	0.155707071659268	0.0448325551968066	0.0404026542305737	0	0.0311439411717674	0.00107538311965645	0.0166007448387563	0	0.0291047343620451
GSM2869397_treat	0	0	0.122716224255679	0.0166688166985474	0	0.0221935138922107	0.0393007790551784	0.0237761528691618	0	0	0.0406533177335984	0	0.00739005401542661	0.0577668382206631	0.0522826380089525	0.0737275287415027	0	0.128691271465815	0.0470841991227451	0	0	0.367748665920519
GSM2869398_treat	0	0.093815549841457	0.108420564425541	0.0753592508215316	0	0	0.104467607951566	0.0510044593318754	0	0	0.0482442402884077	0.0205378994157602	0.0600947111566399	0.014680351921298	0.147904568791154	0.132538084421312	0	0.0299382639749355	0.0495673155761742	0	0	0.0634271320823476
GSM2869399_treat	0.117349564870391	0.103521761376476	0.225201446945187	0.0990621167850529	0.0103414710063047	0.0131509513803828	0.0207321631490913	0.0453718076752094	0	0	0.0194145206646854	0	0.00704470937521209	0.146332440870031	0.050454684916318	0.0356472651836416	0	0.0324462928538254	0.0739288029481925	0	0	0
GSM2869400_treat	0.0947699904357691	0.169403770703706	0.185838170374596	0.0854033698843703	0.0110557321617833	0.0208013453493694	0.0448926961000468	0.0290669591116909	0	0	0.00585371271266454	0	0	0.177332702779848	0.0430768677661632	0.0417602257841412	0	0.0434035229407502	0.0466247378953229	0	0	0.000716195999778219
GSM2869401_treat	0.0407497553441112	0.0418583587953981	0.157259034452647	0.0282872159325008	0	0.0773767027255593	0.0203180804218868	0.0222011721169449	0	0	0.00629293364294096	0	0.00901814702147481	0.0969740839046567	0.0439509921971379	0.00327794478180247	0	0.0743780916821444	0	0.120464421940059	0	0.257593065040735
GSM2869402_treat	0	0.0418398621891419	0.316444837033684	0.16204081349125	0	0.0822117693625396	0.0464826348142807	0	0	0.00562996828815008	0	0	0.0149425143138042	0.0636326846481686	0.0425250598141283	0.121107530457259	0	0.0336613624949897	0.0694809630926038	0	0	0
GSM2869403_treat	0.0311383779420435	0.114389076081761	0.212728385231051	0.0307450790935207	0.0167022911660692	0.107743519377959	0.0420476432827966	0.0256439043343517	0	0	0.0989724733538968	0	0	0.0848650806570228	0.0661926500227851	0.028177073544037	0	0.0482471572040554	0.013481476119626	0.0615859853582898	0	0.0173398272307351
GSM2869404_treat	0	0.077155932006105	0.322541191679098	0.174637619420049	0.00480291803804831	0.022248333005322	0.0191001121603863	0	0.00121517761470703	0	0.0706988833719953	0	0	0.102111977561706	0.0366865807390911	0.0783242349857261	0	0.0235201165461181	0	0.0669569228716474	0	0
GSM2869406_treat	0	0	0.272509557062429	0.00503686157224711	0	0.13895455712796	0.0475020163027629	0	0	0	0.0264532232400699	0	0.0256924824854021	0.103035547939645	0.0330793158209716	0.0190788126829271	0	0.0976227575596177	0.0354980897111926	0.0278149969370642	0	0.16772178155771
GSM2869407_treat	0	0.0777466635863789	0.436938798911038	0.0792040506522657	0.0250712733796007	0	0.00923911343394603	0	0	0	0.0231928610780727	0	0	0.0635773714125019	0.0735172365371585	0.122239361411226	0	2.4358150552952e-05	0.0779343436155409	0	0	0.0113145678317173
GSM2869408_treat	0.0598646056981811	0.0928471564412035	0.189980826294347	0.14750368071854	0	0.0830936549100087	0.0170880279131163	0	0	0	0.0844132060852883	0	0	0.089482757877963	0.0243660730445957	0.0789216872264256	0	0.0341425486720551	0.0546813219774204	0.0381799040422353	0	0.00543454909861977
GSM2869409_treat	0	0.0238214724846992	0.314401214446594	0.0431650836955156	0	0.13294742763285	0.0394935953188315	0	0	0	0.0775762709481008	0	0.0409088328152154	0.0499703848739294	0.0960720035836796	0.0325442103516634	0	0.0155559873590202	0.0166737375257071	0.057010937422892	0.0153633882535374	0.0444954532877646
GSM2869410_treat	0.0270879372642006	0.116491466405042	0.324909055980931	0.0348143080980984	0.0233785227989199	0.0127239354891104	0.0147877928683512	0.0178747757012834	0	0	0.0705741927904183	0	0	0.117125423455075	0.0634983565196268	0.0851333438188785	0	0	0	0.0550973410974887	0	0.0365035477125754
GSM2869411_treat	0.0737095291348193	0.0948597037430136	0.0223429689020378	0.130137609201037	0.0967323228071089	0.0823833801083519	0.0620830663147522	0	0	0	0.0516542746747883	0	0.0314216838030271	0.130738649890208	0.0433883741960466	0.033983936402091	0	0.0630910417889368	0.000829742637012435	0.0643086574680685	0	0.0183350589287004
GSM2869412_treat	0	0.0679271892376476	0.383996266028732	0.0812965169561913	0	0	0.0359156318291704	0	0	0.013311427307118	0.031329433451395	0	0	0.0769145001114015	0.0989504058922899	0.0989410251769446	0	0.00633476605261296	0.0426367173411078	0	0	0.0624461206153887
GSM2869413_treat	0.0143942525722337	0.110470764482527	0.24358078514029	0.162777723886797	0	0	0.0326880018375916	0.0338455242786955	0	0.0139754025347849	0.0399846200243455	0	0	0.108092902455373	0.0309994017275873	0.0711723275815343	0	0.0493426644650603	0.0405938203959351	0.0480818086172444	0	0
GSM2869414_treat	0.0419077024765087	0.0478734960054219	0.251423091407745	0.0996898593941317	0	0.0938203212633943	0	0.0380411075954146	0	0	0.0653044283459212	0	0	0.111809880256009	0.0431246578074205	0.063003239237256	0	0.0255426397062585	0.0177627523984401	0.0472316534185963	0.0167385383140578	0.0367266323734245
GSM2869415_treat	0	0.00793586924820223	0.460652343703363	0.0203864254230053	0	0.143032019115079	0	0.0149991779838739	0	0	0.0481928229770515	0	0.0380215984582016	0.0539228721188235	0.0478888403859679	0.0222955165743796	0	0.0398021948674602	0.0138887049223386	0.0524130880460185	0.0297421033067999	0.00682642286943544
GSM2869416_treat	0.0252792879490994	0.101159589547423	0.189427872921669	0.123682976821203	0.0207362278969559	0.102335121500574	0.0292489715366402	0	0	0	0.0643167713342524	0	0	0.0822482095469051	0.0500631667530441	0.0422741390169636	0	0.0714875604269524	0	0.070563560142051	0	0.0271765446062666
GSM2869417_treat	0	0.0796131082231504	0.386073296009711	0.064644579254291	0.00857787129865043	0	0.0169208756834997	0.035361991047108	0	0	0.0254349687553787	0	0	0.0899551793454924	0.0893883771964616	0.0459994328901126	0	0.00724907897533787	0	0.0261583944718064	0	0.124622846849
GSM2869418_treat	0	0.053685668157227	0.28637265475374	0.0898361535572339	0	0.0831453332891268	0.00628417792007224	0.00632431583410672	0	0	0.0397456137650796	0	0.0507656958871897	0.0506319068444803	0.0913345529916243	0.0683151228584456	0	0.0183079156416941	0.00263371121264117	0.0901878980168107	0	0.0624292792705285
GSM2869419_treat	0.0180982919025635	0.214521600750804	0.0823649995668999	0.0963554505158476	0	0.0462127506966123	0.0184124179523623	0.0570129719503509	0.00866900537218208	0	0.114902884726938	0	0	0.08985662058839	0.0516217168664661	0.0439997560048914	0	0.0593961054796811	0.00712244636516364	0.0766241443826035	0	0.0148288368782437
GSM2869420_treat	0.0570924985613797	0.212698578454142	0.166749797560891	0.0527892238483097	0.0215426676651071	0	0.0239841161756105	0.0712207724261148	0	0	0.0391674872326168	0	0	0.145522649786922	0.0484549674341555	0.044545680504568	0	0.0324498898357572	0	0.0683914301471033	0	0.0153902403673225
GSM2869421_treat	0	0.0678767667607825	0.147191984798771	0.0637187629586986	0	0.0875648462852767	0.0361792922708409	0.0123384228020153	0	0	0.0447502912767564	0	0.0573428327293318	0.143501968101031	0.0863988425853931	0.0381577377776482	0	0.0346302222911102	0.128003594860862	0.018477914594226	0	0.0338665199072558
GSM2869422_treat	0.0135900735598058	0.129678536065967	0.170921052548977	0.141022972233767	0.00871496330553879	0	0.0433580837886158	0.0291920366533776	0.00221705812495542	0	0.0572296287293958	0	0	0.0907117768809301	0.0526478838958761	0.0675881248538876	0	0.0518413274025961	0	0.137944263796434	0	0.00334221815987655
GSM2869423_treat	0	0.163561079876857	0.346087392406878	0.0661953185062521	0	0.015370747154694	0.0235432385285204	0.0219240902247384	0	0	0.072969731407008	0	0	0.0789007966636093	0.0718064875770953	0.0645770982847594	0	0	0	0.0426304564941209	0	0.0324335628754671
GSM2869424_treat	0.102450702555905	0.121849865243638	0.0828797525663283	0.131914873699202	0	0.0683925875637955	0.0388586910580145	0	0.00743921453118449	0	0.0639631460351728	0	0	0.130283990751921	0.0524676186598905	0.0512615015601134	0	0.0421149541658849	0.0230415929963322	0.0582430350627535	0	0.0248384735498644
GSM2869425_treat	0	0	0.150276599602009	0.0379447024088016	0	0.0442418134689451	0	0.0327386907610118	0	0	0.0243446337947658	0.0209340962468726	0.0198705833891999	0.0245052424695574	0.0636009132739867	0.0642342128472682	0	0.180912787068045	0.0508926983231669	0	0	0.28550302634637
GSM2869426_treat	0	0.102844008746314	0.256334576401707	0.133070536989067	0	0	0.0357737042749117	0.0189034927558985	0.0108060624508629	0	0.0285657570038114	0	0.0273029741468881	0.101583061395266	0.0742067026456083	0.117979365200955	0	0.0196542796489792	0.0729754783397311	0	0	0
GSM2869427_treat	0.0472904932298268	0.147103983498985	0.162101030788113	0.210530221183823	0	0	0.0126039556595715	0.0482087845405952	0.0148811053825526	0	0.11717264318973	0	0.00490257242205866	0.0653212167356373	0.0325330720765232	0.0396562498159116	0	0.0299317825982305	0.02255627128652	0.0452066175919227	0	0
GSM2869428_treat	0	0.0414884818490704	0.322713289848112	0.095787099819331	0	0.091794612311634	0.0120700378478659	0	0.0208560888277058	0	0.0600550058546435	0	0.0474481102713648	0.0423345790846913	0.0520837424222523	0.0598797347699611	0	0.0203872012502626	0.0742064079733078	0.0305268787272845	0	0.0283687291425134
GSM2869429_treat	0	0.0571932477275893	0.316941299285849	0.0617896578452528	0	0.0906101970138511	0	0.0107099742975131	0	0	0.0528052879747378	0	0.0463893937021586	0.0446604841270794	0.0793702032532248	0.0469988643728002	0	0.0342596132438454	0.0745114986736779	0	0	0.0837602784824207
GSM2869430_treat	0	0	0.167080031214355	0.0924583331092444	0	0.0251649827397597	0.0198308718903687	0	0	0	0.0180615492868284	0.0263798403639642	0.00245715566667899	0.0901558569077669	0.0403554814495935	0.0613704389214323	0	0.0749240996191201	0.0620800383516714	0	0	0.319681320479217
GSM2869431_treat	0.0312589447840585	0.0850542485761873	0.358495301265472	0.075622322274161	0.0194413821126934	0	0.0277126488140079	0.0185609209256091	0	0	0.0428294090345594	0	0.00512825018801356	0.0819282589663071	0.0756318538724206	0.0667730874271773	0	0.0085935579826465	0.043388122453722	0	0	0.0595816913229643
GSM1900148_treat	0	0.0932822245583409	0.188102183719484	0.258893769975164	0	0	0.0213009001917933	0	0	0.0694137733451688	0.0510167877658463	0	0	0.0878179922483528	0.0975229693125996	0.060771613178835	0	0.0076057169816116	0	0.0186350549934777	0	0.0456370137293259
GSM1900154_treat	0	0.0433878938497754	0.194248000482489	0.0808304220499476	0	0.0351275497471073	0.0649284765345974	0	0	0	0.00608696007427828	0.0110214128734656	0	0.106703176533955	0.0943923622450637	0.0181856078514636	0	0.0380563016036657	0	0.0943136891957536	0	0.212718146958438
GSM1900155_treat	0.16525723535793	0.109926107778479	0.084830655959644	0.0621540394357729	0	0.0815265397338184	0	0.0749059013734938	0	0	0.0536868857241517	0	0	0.0956617594260008	0.07270870501798	0.0312384485356251	0	0.025704956602919	0.0122981833161671	0.0265100001997557	0	0.103590581538263
GSM1900172_treat	0.0338762405609236	0.0578562131098043	0.219355337209413	0	0	0.157726689736711	0	0.0533432882931122	0	0	0.0402576983778778	0	0	0.110976566105565	0.0869045889001631	0.0067625902861409	0	0.0239727650875169	0.0528065954837839	0.0424731317374276	0	0.113688295111561
GSM1900175_treat	0	0.0714832652419662	0.352453239649339	0.0636328469292954	0	0.040660146540065	0.0425760120844897	0	0	0.0132629623015196	0	0.0167337955810187	0	0.0945426119597513	0.115335599939946	0.0638013948241825	0	0.0129286741538977	0.04105279905572	0	0	0.0715366517388087
GSM1900176_treat	0.0138819512302649	0.115584023523974	0.16858029925363	0.135005435759932	0	0.0244677144179224	0.0800197043430825	0	0	0.0364333618578047	0.056080735698809	0	0	0.128177677396806	0.0804660622727324	0.0723987491891196	0	0.0253453370013751	0	0.0352805042601087	0	0.0282784437944379
GSM1900180_treat	0.177791859719152	0.0363022600603728	0.220073385597628	0.12106082995705	0	0.012792676149431	0	0.064694848406513	0	0	0.0434758961232298	0	0.00072824589338546	0.0649117526255865	0.048406464412387	0.0655872697002007	0	0.0359969449177388	0.104026367534174	0.00253395675957314	0	0.00161724214357736
GSM1900181_treat	0.0840708664354868	0.0936161801644857	0.146471536871762	0.099177912959679	0	0.0590308713019002	0.0214684510045314	0.0789534155038613	0	0	0.0769327565066555	0	0	0.0233399681282918	0.0345397956139278	0.0929454348452511	0	0.0890328903557623	0	0.0824772747983337	0	0.0179426455100711
GSM1900184_treat	0.144532679793297	0.0643542737944393	0.22175302987944	0.0417813022267796	0	0.0355556504823565	0	0.0753011211542204	0	0	0.04609545414618	0	0	0.144266670229426	0.025522000335074	0.0435485105952653	0	0.0316024438958547	0.0364042904398363	0.0545017089109445	0	0.0347808641168868
GSM1900185_treat	0.108090694235765	0.016647816246231	0.206068014407408	0.0869719549187807	0	0.020333342906358	0.0267062889314481	0.0159987816208776	0	0	0.0196034657956648	0	0	0.05740476337963	0.0809757256926916	0.0395929873837724	0	0.054253663009736	0	0.0990175600115185	0	0.168334941460118
GSM1900186_treat	0.0912233215876927	0.0543446032655376	0.316365389352792	0.0585209163118323	0	0.0463940594283739	0.0363977866642455	0.069422943977441	0	0	0.0291193407661914	0	0	0.0811830641915657	0.0804981480820528	0.0909493554232787	0	0.0171964824744791	0.00349524209129341	0	0	0.0248893463832244
GSM1900192_treat	0.105417055954756	0.0974257098114984	0.155429195105503	0.197352332243237	0	0	0.0170086024753281	0.0476253092688795	0	0	0.0451499902172963	0	0	0.0596870657656264	0.043776781002504	0.102132753972138	0	0.02493992422724	0.0875144465926743	0	0	0.0165408333633186
GSM1900195_treat	0.146748361427702	0.0790877632425581	0.0646453009753076	0.0267566267707087	0	0.033802293579638	0.0226145019993523	0.0623402946286656	0	0.0161598703863389	0.0240322286276588	0	0	0.0474159894863896	0.150630034577761	0.0507017753580722	0	0.0159965199455463	0	0.075297317570774	0	0.183771121423528
GSM1900202_treat	0	0.0443449318693123	0.356623494765625	0.106985127818352	0	0.0399670235297977	0.0337394737731308	0.0562487217196804	0	0	0.00565009089364255	0	0	0.109109335487631	0.0411370502902551	0.0878658659466969	0	0.025864852267063	0.0858697936687436	0	0	0.00659423797006871
GSM1900206_treat	0.154033927099746	0.133522163577912	0.204988530667308	0.0492151332507928	0.0196719918333235	0	0.0369439766272138	0.0517996314802977	0	0	0.0360283990245193	0	0	0.147948871108783	0.04275758967841	0.0300983724272741	0	0.0273253039184846	0.0181137087756939	0.0239681559731143	0	0.0235842445571265
GSM1900208_treat	0	0.0254064003348232	0.256332476419835	0.106604729510257	0	0.0841764513867169	0.0402561464867879	0.0239059527094095	0	0	0.0281760797478942	0	0	0.0637287627024334	0.0890593501309948	0.0619003651577263	0	0.0522238278698491	0	0.0518871651978429	0.00322963516932837	0.113112657176102
GSM1900210_treat	0	0.0202447138792463	0.13235529701202	0.0608308555127692	0.0151110195261322	0.0620762698157215	0	0.0212681557226428	0	0	0.0534996689292347	0	0	0.128099787308917	0.0489932120104587	0.0377712705847931	0	0.0429810290846524	0	0.212152478172217	0	0.164616242441195
GSM1900213_treat	0.163557217244686	0.116431835955422	0.0889708343199211	0.085406512222279	0.0764944202623337	0	0.00393279621979144	0.112670653732913	0.00519696241736442	0	0.0361127214075666	0	0	0.0777475831200401	0.0502526535764721	0.0808305951679311	0	0.0666859164648242	0	0.0357092978884556	0	0
GSM1900214_treat	0.0705945237701033	0.113015887592775	0.181762636822801	0.0717288571065607	0	0.0553681430466463	0.0089832479938124	0.0837119461957498	0	0	0.0660429957723191	0	0	0.0655459448536658	0.0648872454658535	0.0644604871427904	0	0.0444099799959539	0	0.0750275615979377	0	0.0344605426430308
GSM1900215_treat	0	0.00722574336203603	0.235573600783875	0.0721335986017554	0	0.127624731412822	0.0197166655961539	0	0	0	0.0369802652627086	0	0	0.0475490608109603	0.134335573108788	0.145535174563383	0	0.0100828995872591	0.10603233374758	0	0.0091440408178804	0.0480663123447968
GSM1900217_treat	0.0690943539062364	0.106765673729393	0.202041093382716	0.114685034530886	0	0	0	0.0568620094362917	0	0	0.000827697057489771	0	0	0.0723143583237927	0.0532868910719427	0.092053487858817	0	0.0471268045434077	0.175914426302898	0	0	0.00902816985612862
GSM1900227_treat	0.0136183227636499	0.0894326244760641	0.36147853588235	0.0884377165564549	0	0.0942579222752286	0.0068897399839359	0	0	0	0.0576952586054977	0	0	0.11574490104696	0.030735628998594	0.0612271330141603	0	0.0290841964891899	0	0.0130022572697858	0	0.0383957626381292
GSM1900233_treat	0	0.0254651417453859	0.127914950924674	0.0190035758417346	0.0376525301882571	0.0294694302308792	0	0.00759611958739248	0	0	0.0738376624489953	0	0.0534539106385788	0.187624080367315	0.00579467241580171	0.0166449985109875	0	0.0632215689823037	0	0.141322469368138	0	0.210998888749557
GSM1900239_treat	0.0776910775669535	0.182229788723959	0.180010358597783	0.12748912202307	0	0.0486982202259002	0	0.0570445238974476	0	0	0	0.00694971505717525	0.0162185988106782	0.0442513875375548	0.0368613039006726	0.0742007934688376	0	0.0271529429062999	0.121202167283669	0	0	0
GSM1900241_treat	0.0359843321356246	0.110880649062741	0.293655566793287	0.080977404731267	0	0.0123892707759883	0.0195309341963253	0.0406353320782115	0	0	0.049028627385806	0	0	0.107419157357184	0.0960553589239359	0.0517643570828037	0	0.0307784812949373	0.0266222334809136	0.0262320553962426	0	0.0180462393047316
GSM1900244_treat	0.00540698067375098	0.0520018719284272	0.252269765255721	0.0168812008133926	0	0.151454097448108	0.0525687617335208	0	0	0.000196438594183667	0.0411724422627359	0	0	0.0394788089745765	0.116545682992785	0.0604127405882746	0.00422537669210926	0.0493993581318142	0.124744880859173	0	0	0.033241593051428
GSM1900248_treat	0.0803326233579492	0.245770168116369	0.032816004530578	0.0467947068266573	0.0282368093244632	0.0618395160346082	0.060874960857388	0	0.0109854446399318	0	0.0475584578181408	0	0.00258247324913822	0.0883211107073619	0.105561202985665	0.0435238334314135	0	0.0632545828978998	0.0815481052224361	0	0	0
GSM1900251_treat	0.0216489252010133	0.12771027350469	0.256538424128326	0.1242895279696	0	0.0318343075683301	0.0308521862805019	0	0.00516726911784064	0	0.0669917773211049	0	0.00101694939669201	0.157222441245031	0.05705023401111	0.0442608236128609	0	0.0056229795858451	0.01395014542176	0.00885821402062051	0	0.0469855216146727
GSM1900254_treat	0	0.0170771700487035	0.468233897633106	0.111829714083507	0	0.0069111053112758	0.0283463927925593	0.00431077581446528	0	0.0703622890569582	0	0	0	0.0444192845371758	0.0556626603846177	0.0852707815046266	0	0.00494964210339395	0.0713071414225486	0	0.00816491318913839	0.0231542321179239
GSM1900257_treat	0.00149830395326485	0.0660644183816622	0.178845318509132	0.0918372198137179	0	0.0766188470180739	0.179359212641782	0	0	0	0.00265336623680261	0.00659584688919591	0.037291623787873	0.0464937078832772	0.114060148565614	0.0490428003066936	0	0.0205870937774633	0.0172553767823898	0	0	0.111796715453057
GSM1900260_treat	0.0275516192717192	0.0454001797391666	0.389768679108064	0.156065668681135	0	0.0372955879859247	0.0278056082574743	0.00309190935371525	0	0	0.0180059154505098	0	0	0.0522290252168969	0.0556002149182567	0.140280915589463	0	0.0167236183095378	0.0161751488564678	0.0140059092616683	0	0
GSM1900263_treat	0	0.0291226550750565	0.21781247976976	0.25673475054606	0	0	0	0.0730224119470816	0	0	0.0162885797804918	0.0400568031661049	0.0204633637242002	0.104054262717062	0.0560037221543892	0.0629499555104022	0	0.0489968990418216	0.0744941165675702	0	0	0
GSM1900265_treat	0	0.0217844929244808	0.374396670637906	0.123731175142166	0	0.04325052980093	0.0153216101014999	0	0	0	0.0269914298941798	0	0.000236184082457005	0.0790798991560227	0.0175762168582339	0.13420151546779	0	0.0251436095329153	0.118305271636692	0	0	0.0199813947647272
GSM1900268_treat	0	0.0376903806204504	0.234555923372847	0.0799312586748901	0	0.19508823003975	0	0	0.00520715300942219	0	0.0110409891326031	0	0.0480516849368854	0.0257007814380636	0.0446140189670629	0.101619509039128	0	0.0401880718123547	0	0.0373129761497842	0.0124621344128131	0.126536888393946
GSM1900271_treat	0.00306861381153196	0.0554864590390563	0.332471372201017	0.0655755681300207	0	0.0942433924297743	0.0079511768952284	0.00734174266297789	0	0	0.0317697664908576	0	0	0.0744046635684557	0.0294207186348196	0.0939048548586366	0	0.0438340171004424	0.118630645230565	0	0	0.0418970089466162
GSM1900274_treat	0.0156557288053721	0.099405064938111	0.300704971490087	0.0792373314858724	0	0.0169203149394681	0.0067217285011368	0.00469255708228698	0	0	0.0467957899517463	0	0	0.0726735359384974	0.00246425263004683	0.0191915837374548	0	0.0658384792603598	0.0715531462748594	0.0322993489209691	0	0.165846166043732
GSM1900277_treat	0.142625718933956	0.182838827340017	0.159051618465966	0.130756972140035	0	0.00546571087687186	0.0291133381217181	0.0456294018948133	0	0	0.010271161797742	0	0	0.0914147248715471	0.0216370522661841	0.0399589615031258	0	0.060091520192781	0.0528896158009117	0	0	0.0282553757943312
GSM1900280_treat	0	0	0.265083994712257	0.207287320933896	0	0.0576557530459453	0.0489725595800827	0.00338707011256093	0	0	0.0164203098932068	0.00419042257211519	0.00459397274933029	0.00731367536051929	0.080642953263142	0.130364136521116	0	0.0196177436380456	0.154470087617783	0	0	0
GSM1900283_treat	0.0505494788897082	0.140599502415539	0.0367953272380528	0.0289889192771465	0.0197580437979729	0.0528101988044404	0.0108318721351225	0.0213603942085777	0	0	0.0285576625772325	0	0	0.111829630914835	0.0145406809578965	0.0222625553216386	0	0.0610628953182088	0	0.0818238059560633	0	0.318229032187566
GSM1900285_treat	0.00881143829533652	0.0651375691998076	0.243869187993147	0	0.00265564557723745	0.0347755996868143	0	0.0310848610716137	0	0.0106327720039987	0.0239172017162393	0	0	0.128409043564621	0.0352559447033117	0.017169627629707	0	0.0476273798770494	0	0.172276943720508	0	0.178376784960608
GSM1900291_treat	0.142242650820746	0.0690709877184498	0.19227860169142	0.173916493004263	0	0	0.0473416476722713	0.0874284773045846	0	0	0.0362893222787686	0	0	0.0524998821287923	0.0355455732999209	0.065693730730838	0	0.0769464482625801	0.0207461850873665	0	0	0
GSM1900294_treat	0	0.105197219055349	0.221687172459079	0.120035538212776	0	0.0177366044424132	0.0613754140189777	0.00809490637716046	0	0	0.0741811191416597	0	0.00268728018088116	0.0790389068021067	0.136795560721932	0.0837838589669587	0.00174259712199158	0	0.0700316102907034	0	0	0.0176122122080101
GSM1900297_treat	0	0.154681667782187	0.344002791452785	0.0927970337221577	0.00916010840829401	0	0.00138971262485089	0.0202345157350686	0	0	0.00273380770221784	0.00144520482216895	0.00525963181728302	0.0638790189785818	0.119865741805183	0.0777026323592708	0	0.025306392458385	0.0524758873688291	0	0	0.0290658529627369
GSM1900299_treat	0	0.083633898164833	0.476842047883237	0.0749308629979191	0	0.0501343033808751	0.00738586301010841	0	0	0	0.015453099478156	0	0	0.0469617237115829	0.0518020506726379	0.0560179735136693	0	0.0189472462429093	0.0832380503879442	0	0	0.0346528805561279
GSM1900302_treat	0.015674676514669	0.0660346787784671	0.264394488564115	0.224764208710869	0	0	0.0147608421056029	0.0381923180350297	0	0	0.0358605796597354	0	0.0215520857377369	0.0678319170284818	0.0687886037881807	0.0935338418147258	0	0.024138815622931	0.0644729436394548	0	0	0
GSM1900307_treat	0	0.0355093130515944	0.311831436345557	0.182237116174543	0	0.038373798922908	0	0	0.00318855009411899	0	0	0.022303650049788	0.0123640396533899	0.0767044290640146	0.0426719710241137	0.143450304805621	0	0.0158700331277906	0.115495357686561	0	0	0
GSM1900310_treat	0.258876775354204	0.0870705174645572	0.103896113602341	0.102135051522959	0	0.0119463730902215	0.0196815168470004	0.0565108620609401	0	0	0.0642471114463153	0	0	0.086870649962358	0.0360058712399462	0.0672134187547909	0	0.0618850474315047	0.0302401734577772	0.0134205177650847	0	0
GSM1900313_treat	0.091526703810669	0.177404229217918	0.186823849118444	0.143194490996985	0	0.047810214465453	0.00456343899230363	0	0.00981706052098416	0	0.0779420237452956	0	0	0	0.0396017384789293	0.101048707774332	0	0.0552466951793555	0	0.0650208476993305	0	0
GSM1900314_treat	0.0749634727823519	0.164300580880574	0.195066991369871	0.137430848653185	0	0	0.0253979228368235	0.0435138944635027	0.00960185336752162	0.0428024520401503	0	0	0	0.0780709534352291	0.113899936758252	0.095436188143416	0	0	0.0195149052691228	0	0	0
GSM1900315_treat	0	0.0553650527470192	0.166329441664872	0.120105836118219	0.0169670356726418	0	0.101568111528099	0	0.0344452150914388	0	0.0136635604509471	0	0.000327198467579089	0.138073447734753	0.152489023473998	0.0900737393158448	0	0.00904318761460975	0.0829744429052411	0	0	0.0185747072147369
GSM1900316_treat	0.157214998844971	0.1317346717953	0.079562635630325	0.113483500951227	0	0.0427342307260657	0.0425288020727624	0.0315578893666716	0	0	0.0396441205429307	0	0	0.0809276872028277	0.0905869812726081	0.0624663618558946	0	0.0304761690950244	0.0588668178079098	0	0	0.0382151328354821
GSM1900318_treat	0.00534624945081581	0.0551379934953202	0.154939486473205	0.0882593752092103	0	0.108913091532779	0	0	0	0	0.0683613411649863	0	0.0483393491929077	0.0335131626938834	0.0573045848558586	0.106247810003636	0	0.0390317743749889	0	0.0783821507028452	0	0.156223630849565
GSM1900320_treat	0.00732065756244263	0.022103592291299	0.0505137044512495	0.0209586018838848	0.0449380892704845	0	0.0909246253166679	0	0	0	0.0354507125752107	0	0.0710282628427527	0.0567276747476563	0.127779845410249	0	0	0.0721991451618003	0	0.207710556636877	0	0.192344531849426
GSM1900321_treat	0	0.115266229757504	0.319387457199586	0.140160555160908	0.0587438640929546	0	0.0473665462302566	2.0220781622718e-05	0	0	0.0245852477019291	0	0.00208068454911857	0.0147674697053186	0.0640495016245446	0.0890052866589432	0	0.0313433180493112	0.0859715411243749	0	0	0.00725207736362729
GSM1900322_treat	0.0299756053331111	0.0981618729601609	0.150347223378443	0.055849797051396	0.0551885666025853	0.026357518133432	0.0381139843928484	0	0	0	0.0476074139992213	0	0	0.114584617641175	0.0337283261259051	0.038123709284146	0	0.0714635532665741	0	0.139138098909378	0	0.101359712921624
GSM1900323_treat	0	0.00124475324843682	0.266794418787838	0.270248048332787	0	0	0.0630649558305818	0	0	0	0.0176139900980103	0.00153815173280952	0.00393331763794589	0.130690733757893	0.0437638063923251	0.110583490597914	0	0.0276464996729694	0.0628778339104896	0	0	0
GSM1900324_treat	0.00496889183781103	0.0430271411996539	0.33704006834774	0.055763501433704	0	0.044065444805332	0.000813962832761821	0.00466180407251134	0	0	0.040858105308911	0	0.00562745036120918	0.127362099976289	0.0641437185925183	0.071130883352309	0	0.0171468924365779	0.0780059033912456	0.0329191541545189	0	0.0724649778969065
GSM1900325_treat	0	0.0325469972450681	0.43183376567351	0.112857240784851	0.00689515651743464	0.031946199579404	0.00292347233419567	0	0	0.0211261265706808	0.0142134835074162	0	0	0.0925025218028643	0.0437188467336634	0.104584775257209	0	0.0228628489950741	0.0710272598266227	0	0	0.0109613051720066
GSM1426090_treat	0.0387804335067892	0.0881604495827122	0.213496027226271	0.136615193808987	0	0	0.0147134790459561	0.0348911762291687	0	0	0.0437217118556867	0	0	0.0684199746948267	0.197050380452962	0.10447656513519	0	0	0.0596746084614508	0	0	0
GSM1426093_treat	0.0169370494125894	0.0542633346113833	0.417436147833857	0.125399625678357	0	0.0572950006480307	0.00606088987582649	0	0	0	0.0267695323413778	0	0	0.0763974164424125	0.0435752638243729	0.113910227418567	0	0	0	0.0555735198660755	0	0.00638199204715049
GSM1426094_treat	0.0198774741262993	0.0948054493358328	0.156924100568125	0.053429989074896	0.023324829642016	0.0226846871662985	0.0362906110191906	0.0126331849477261	0	0.00472734205896123	0.0595252948608083	0	0.0333562057188964	0.0626849973340339	0.128610027624399	0.0258535874779863	0	0.0234471863410661	0	0.106321081356676	0	0.135503951346788
GSM1426095_treat	0	0.120113576602887	0.225471748373542	0.179824645959222	0	0.0298438700644456	0.0481728381581309	0	0	0.0484328552929399	0.0406448528867632	0	0	0.0787878060432241	0.0529850607881843	0.0704128876808813	0	0.0149458228070569	0	0.0357046874882479	0	0.0546593478544757
GSM1426096_treat	0	0.0458468523501504	0.230945545326059	0.0815214011691303	0	0	0.0500372036060586	0	0	0	0.00159851055697766	0.0187814998912519	0	0.0835036315184014	0.0551064867666672	0.0208306335565256	0	0.0330835129592273	0	0.127633744721506	0	0.251110977578044
GSM1426097_treat	0.192566735012543	0.106008310871028	0.111879881709701	0.0369518237577105	0.0222052241803992	0.032020039948362	0.00903281812516562	0.0848833588839569	0	0	0.0424038668126025	0	0	0.108341127349689	0.0381679507616747	0.0257343317789071	0	0.0342603669709109	0.0270429594806073	0	0	0.128501204356742
GSM1426098_treat	0	0.0426350576178978	0.204283201768896	0.0699591698594735	0.0262783739676985	0	0.0359211991190488	0.0137028282957197	0	0	0.0223174646778618	0	0.0176111477331992	0.0831322944527426	0.106147879923887	0.064064764351897	0	0.0336004678401704	0.0725547956192576	0	0	0.207791354772251
GSM1426099_treat	0	0.0596325714431019	0.418040728219078	0.0807658161347163	0	0.0261246655219999	0.0439685181567119	0	0	0	0.00508261277735072	0	0	0.0819098515189938	0.0681195698762982	0.0522806026604357	0	0.0151766860782576	0	0.0674841980846448	0	0.0814141795284115
GSM1426100_treat	0	0.168229774832172	0.194576674499183	0.0895116416399356	0.0207748573500508	0.0201681928409029	0.0671288159737141	0	0	0.00101809025689827	0.0623923385734691	0	0	0.141754775492819	0.0693236942689091	0.0383003806863477	0	0.0228126998049079	0	0.0804964108900626	0	0.0235116528906271
GSM1426101_treat	0	0.0570433021928836	0.345816752581391	0.0842992346869893	0.00581693546917568	0	0	0.0365796420419278	0	0	0.00672010709220679	0.00130133832022179	0.0303765705862301	0.0880765143547194	0.0545845611277237	0.0200596943677384	0	0.10741496362953	0	0.0603048766641083	0	0.101605506885154
GSM1426102_treat	0.0627684763322634	0.0847810620434279	0.238508459025444	0.102472171231206	0.0702367617270279	0	0.0469313221091893	0.0518381021700194	0	0	0.0474068304925836	0	0	0.0546586122432614	0.0119794138117073	0.09918087858686	0	0.0770320307477083	0.0475019514321829	0.00470392804711855	0	0
GSM1426103_treat	0.145974831826758	0.0708077268864384	0.241555965172936	0.043436319633708	0	0.00225851263411265	0.00500776858534771	0.080221452227931	0	0	0.0545633572969174	0	0.00119584255694915	0.156807151516303	0.0164135781127067	0.0346721709443322	0	0.0241050595492576	0.0377421813095131	0.0456676442618807	0	0.0395704374849087
GSM1426104_treat	0.09140128722263	0.0473796610820103	0.254372055712507	0.0435414725416632	0	0.00789251829759201	0.011315026524492	0.0390726531415464	0	0	0.022040168388806	0	0	0.0564988096746353	0.0784417670493954	0.0212861419263926	0	0.034739844883668	0	0.11043605589529	0	0.181582537659372
GSM1426105_treat	0.205730903976066	0.067649293320523	0.0711857597640967	0.0173921896431858	0	0.0127522793714628	0.0233455787665915	0.0716644137627209	0	0.0117157264831842	0.0234212798560301	0	0	0.06293773281058	0.0893314692517	0.0450852968348961	0	0.0216487687554337	0	0.0678607607304302	0	0.208278546673098
GSM1426106_treat	0	0.0473699194202353	0.427357479889166	0.0740586132761844	0	0.0443500656552844	0.000992870126718311	0.0734666978164108	0	0	0.00336089329050904	0.000156391158351137	0	0.100848758425508	0.0360481798865815	0.0871869351275069	0	0.0352763841787217	0.0590321372354788	0	0	0.0104946745133435
GSM1426107_treat	0.145635689576406	0.169498515566915	0.215127821300679	0.0453295281916358	0.0133493366676381	0	0.0219636074629098	0.0648548565714537	0	0	0.00923370588466338	0	0	0.151365075075054	0.0396040934419022	0.0210783239816204	0	0.0217216899315548	0.025014572365287	0.0212182741898558	0	0.0350049097924258
GSM1426108_treat	0	0.0614518024429102	0.280161140138417	0.0689529826730975	0	0.0684803142254265	0.0303433331608828	0.0126177793216028	0	0	0	0.0248075606322129	0	0.0749926875715859	0.0444925441569499	0.0461365056916959	0	0.0747201950661181	0	0.081570167280815	0.0103632203809103	0.120909767257375
GSM1426109_treat	0.0828041197233725	0.111100244963728	0.216488025268387	0.0610877047305585	0	0.0393408070334882	0.0109274975610587	0.0756526965382596	0	0	0.0538191127339257	0	0	0.0770960111237759	0.0658363649856297	0.0605206171144774	0	0.0391222294582054	0.0098276429079664	0.060931930082385	0	0.035444995774781
GSM1426110_treat	0	0.0279871010400599	0.282970061375035	0.00877433110533413	0	0.0674569939497762	0.0280537312799217	0.0156808107029456	0	0	0.0387133653464461	0	0.00535856849369731	0.0787658451915948	0.116836072670101	0.140156349992805	0	0.0075566262583678	0.13655352968903	0	0	0.0451366129048848
GSM1426111_treat	0.0675119089842856	0.137952288429547	0.256111985866222	0.0398286797422888	0	0.0259694088056085	0.0123259887215256	0.033433899134583	0	0	0.0569321393143233	0	0	0.0737152188807379	0.035920313917027	0.0642031998153718	0	0.0471515147100517	0.118937329375622	0.0250902904396634	0	0.00491583386314194
GSM1426112_treat	0	0.0708465653135868	0.347920526363139	0.199118160563616	0	0	0.0308190773365031	0.00726967082661497	0	0	0.0185845648750535	0	0.00851532616585789	0.0303927022408839	0.0223201272019491	0.0738210772508492	0	0.0221231255310469	0.146526115098022	0.000254258882464761	0.0116940691851304	0.0097946331652829
GSM1426113_treat	0.0325523524244385	0.0944717685529323	0.280710712629472	0.150792713726921	0	0.00107220894667526	0.0278159054105292	0	0.018084897313391	0	0.046554076730045	0	0	0.0868706299944143	0.0436530003126611	0.0973231275692868	0	0.0533109385074824	0.00621093496594247	0.0432497661276376	0	0.0173269667881712
GSM1426114_treat	0.101025254135693	0.055566943640473	0.223556314831408	0.0414340760962598	0	0.057541312883775	0.0322287601899016	0.0118284430612149	0	0	0.0292284074348764	0	0	0.133901091843485	0.0481531594276932	0.0429919475901495	0	0.0423581340699013	0.0958822593174159	0.00497024342741484	0	0.0793336520503383
GSM1426115_treat	0	0.0674972970168083	0.278387019746298	0.0951051217307431	0	0.0354225837835407	0.0557798788308809	0	0	0.0146111082833582	0.0273950306766033	0	0	0.0424572994632349	0.112613177931689	0.106891555935208	0	0.0205773120688296	0	0.0731700236252175	0	0.0700925909075891
GSM1426116_treat	0.0763639967735666	0.00543624362702063	0.174864320711193	0.106770229342528	0	0.047060240954029	0.0516754666815056	0.0188094019154692	0	0.0127229862896161	0.0414575663540726	0	0	0.0876902601842446	0.108204863455313	0.0764016582661287	0	0.0163297465450704	0.0429546055907832	0.0331695133791195	0	0.10008889993034
GSM1426117_treat	0.0297528090967881	0.0413793351342577	0.371256346399194	0.122504880501921	0	0.08811686099129	0.00450689548441408	0.0251919104172501	0.00706140107548511	0.00725668905857629	0.031525381155011	0	0	0.00139387994511074	0.00694845355724869	0.0996053153527672	0	0.042455597243309	0	0.0583496615465036	0.0413939301829014	0.0213006528579719
GSM1426118_treat	0.472774023714696	0	0	0	0	0	0.0158332474722789	0.0813787963093025	0	0.0588398427504777	0.0393387270558193	0	0	0.0759424733273586	0.027309700790864	0.0875357965116461	0	0.0454508520531543	0.0509553219342321	0.0446412180801702	0	0
GSM1426119_treat	0.0177334283086056	0.110846161680348	0.298534853793403	0.0890428366037763	0	0.0168300461906212	0.0112570987192523	0.0367674258327979	0.00120927618359774	0	0.0246108542949385	0	0	0.0554949723019229	0.0590545075971816	0.110785760006652	0.000697521133870137	0.0184435196894959	0.130305531557066	0.0183862061064711	0	0
GSM1426120_treat	0.154995509992158	0.0594778763402861	0.213490491617074	0.103898553565895	0	0	0.0280154829841726	0.0473492852387778	0.00661031990983298	0.0182947900537252	0.027423508622287	0	0	0.070813084992004	0.0394011468788412	0.104806595389938	0	0.053408122085702	0.0720152323293069	0	0	0
GSM1426121_treat	0.00695378434748141	0.0435176861417282	0.326685422603014	0.102252574498864	0	0.00308424717812694	0.0578994456419719	0.0187950842926552	0	0	0.0203185252782011	0	0	0.0585890096418883	0.133529876375556	0.171882346492607	0	0	0.0392069087325454	0	0	0.0172850887753617
GSM1426122_treat	0.046437614831202	0.092928788542553	0.363593051972014	0.0492790222739925	0	0.0450724130086111	0	0	0	0	0.0423633816030575	0	0	0.128315293681819	0.0263459185784957	0.107705394363239	0	0.021195147817114	0	0.0722974375940181	0	0.00446653573388472
GSM1426123_treat	0	0.0455573696407071	0.290628369984734	0.128104378753172	0.0218738926783642	0	0	0	0	0	0.0144987319269119	0	0.00500670592749076	0.122616310552072	0.0486684953889263	0.0789612927723492	0	0.0185874311513594	0.0885946158286058	0.0903735105344446	0	0.0465288948608633
GSM1426124_treat	0.0188417520555108	0.121715042340561	0.22578887439791	0.141505297209734	0	0	0.0489326085804085	0.0292411214641913	0	0.0269566942169439	0.0294610348238898	0	0	0.0711941005139751	0.146002943592269	0.0824342535490734	0	0	0.0342502388673104	0.00753331532834748	0	0.0161427230598756
GSM1426125_treat	0	0.0730560054527507	0.407777974581639	0.117281170651779	0.0300601358513108	0	0.0373116421343547	0	0	0	0.0360245311895999	0	0.00730315722204199	0.1145507875335	0.0216266753525599	0.0851390483522185	0	0.0160085394990352	0.0520329242162934	0	0	0.00182740796291699
GSM1426126_treat	0	0.0292768174418627	0.159799152486162	0.0165621085983554	0.0145638210163717	0.00818079262000008	0	0.0233349335470962	0	0	0.0247294578524482	0	0.0692758639670208	0.165295396671319	0	0	0	0.0705500013023522	0	0.201922478307146	0	0.216509176189866
GSM1426127_treat	0.10609314209084	0.132568434079254	0.278885229741066	0.112933461194082	0	0	0	0.0774555561548665	0	0	0.0111132611433991	0	0.0183720381888453	0.0460499855883603	0.0216334499811805	0.0627746562487618	0	0.0252055861851771	0.106915199404168	0	0	0
GSM1426128_treat	0.0256458784312632	0.114935604579107	0.345974558837657	0.0777064347687364	0	0.00634867781961049	0.00971164237736869	0.0353230702519031	0	0	0.0435891201541435	0	0	0.112485896322047	0.0500218947561898	0.0564469346463263	0	0.0467536812786224	0.0218227330822712	0.0373955105339852	0	0.0158383621607699
GSM1426129_treat	0	0.0397020645039955	0.288881070709807	0.0432691235404347	0	0.0928123538414019	0.0450049345457885	0.000799730077711916	0	0	0.0302044301925819	0	0.0421886911963842	0.0475498887265369	0.0809979855345967	0.0607051776200205	0	0.0762173472879416	0.12172330574775	0.00541615190436121	0	0.0245277445706876
GSM1426130_treat	0	0.0288983843262185	0.40934858835535	0.132121119108241	0	0.0166586133534537	0	0	0.0150120318944501	0	0	0.0402914683055881	0.0211518276048196	0.110947441012146	0.0307207719352052	0.121099055539339	0	0.0146928638080205	0.0549140042881016	0	0	0.00414383046906683
GSM1426131_treat	0.158491514294092	0.180451421606018	0.0522812633775327	0.0615263482771234	0.030039750244861	0.0212419615055458	0.0554729531935203	0.0259473267685632	0	0	0.0391294447616936	0	0.0153076218118002	0.108021849027237	0.056159060080392	0.0493557021521754	0	0.0599091960605198	0.0866645868389257	0	0	0
GSM1426132_treat	0.0309587561099301	0.145410220293587	0.260513457214684	0.0726168353277846	0	0.0288856322519017	0.0216302569378138	0.0333444034223225	0	0	0.0583395721323734	0	0.0086689409966273	0.159911489899345	0.0410696651317317	0.0344698763052839	0	0.0116059019352567	0	0.0398408587941051	0	0.0527341332472534
GSM1426133_treat	0	0.047857934855841	0.498170398844894	0.0760496375769462	0	0.0761363546953851	0.0198151953173874	0.0183053419777919	0	0	0.037577038664596	0	0	0.0109637731688935	0.0376659755207925	0.0436961906479076	0	0.0166394220415585	0	0.0728145572966877	0.0142283991202941	0.0300797802710245
GSM1426134_treat	0.0060662319778542	0.0621190136758024	0.238042077836918	0.0761453833473537	0	0.0487589175946779	0.149558385183599	0	0	0	0.0224586880078626	0	0.042981619782827	0.0512784160540007	0.063195137140707	0.0474083906576816	0	0.0466941189602805	0.0167411317249621	0	0	0.128552488055474
GSM1426135_treat	0.0267146083186688	0.0383820317703608	0.478112415159335	0.0861985350203565	0	0.0299772556915352	0.0367896869403799	0.0164023403086283	0	0	0.0122060554730167	0	0	0.0600198061728722	0.037837417195694	0.12935590809373	0	0.0248460862441622	0	0.0231578536112608	0	0
GSM1426136_treat	0	0.0412535150807349	0.310551605843153	0.213402338890643	0	0	0	0.0655613274302513	0	0	0	0.0532116754281891	0.0140166459474612	0.094338614460339	0.0466333763234707	0.0717758673400241	0	0.0311672000694867	0.0580878331862475	0	0	0
GSM1426137_treat	0	0.0191608404781511	0.468437078270755	0.0782706125309055	0	0.0375295918044706	0.0186968128000066	0	0	0	0.0173509569582064	0	0.00107566878230552	0.0804676568976021	0.0102827776378998	0.119402574448178	0	0.0209707074400582	0.112515099281505	0	0	0.0158396226699558
GSM1426138_treat	0.00608518456455792	0.0552720062005294	0.395556096482415	0.0352776417238694	0	0.0757510479507188	0.000939741532226447	0.0258996633179115	0	0	0.0353715329525817	0	0	0.0744050047042197	0.0152887906632882	0.0824274835761038	0	0.0416693476844395	0.0937324917718289	0.00885120280382486	0	0.053472764071485
GSM1426139_treat	0.0264204046759261	0.0861731320932432	0.355580518282826	0.0472093623973998	0	0	0.00441347253931075	0.0273744959726181	0	0.00658694729368524	0.0416676134418281	0	0	0.0600564782346369	0	0.0129661778409946	0	0.0595222587237077	0.0824746094380803	0.0289150578261439	0	0.1606394712396
GSM1426140_treat	0.206541773392356	0.132903185138329	0.1901446082035	0.0846400000169028	0	0	0.0332659955895575	0.0801034376988512	0	0	0.0249566068050752	0	0	0.0756927928216471	0.0134617782473974	0.0324201888892786	0	0.0499339305445999	0.0451803584547255	0	0	0.0307553441977806
GSM1426141_treat	0.0108416783506213	0	0.37089692097101	0.170959812454973	0	0.00223757433141547	0.0135080143548273	0.0240810413557985	0	0	0.0512005056663314	0	0	0.016836691845795	0.0577651861767007	0.122132372449466	0.00161042565309302	0.0394064210480042	0.114922381651964	0.00360097368999912	0	0
GSM1426142_treat	0.0233138393431655	0.0751839738064921	0.236770805172894	0	0	0.0565808772542367	0.00870979557161616	0.0489768316542385	0	0.0197852059876548	0.0435979220546015	0	0	0.117445582592702	0.0177914611154713	0.020140664888543	0	0.0346430695396316	0	0.136154117144777	0	0.160905853873976
GSM1426144_treat	0.113559653520425	0.162016388056534	0.194486013695118	0.0617425361446685	0	0	0	0.146826138121734	0	0	0.0565667109359242	0	0	0.0622797716826437	0.0211239607994245	0.0114816871373126	0	0.0874295516996337	0	0.0689747967812358	0	0.0135127914253461
GSM1426145_treat	0	0.09275537012628	0.286416045619784	0.127545686334291	0	0	0.0383355101985782	0.00864622239209709	0	0	0.0519981642264588	0	0.0373576137787271	0.0935976808945799	0.0783881495114433	0.0746478639099485	0	0.0389044625821012	0.0685428334477247	0	0	0.00286439697798656
GSM1426146_treat	0	0.160227395348006	0.393888745854877	0.0506609305508501	0.0129574283541132	0	0.00452213014526624	0.0540158234400642	0	0	0.00882204808774347	0	0.00770557821442874	0.0322192983619887	0.0554292397211017	0.0667652954568474	0	0.0876959009144917	0.0393134168505017	0	0	0.0257767686997195
GSM1426147_treat	0	0.0422684384886728	0.51291288232571	0.0740705357965338	0	0	0.00113882928829793	0.0167221498903003	0	0	0.00056481888221895	0	0	0.0707059686716731	0.0478494065495249	0.0648636710746111	0	0.0106660853275857	0.109830007287512	0	0	0.0484072064173602
GSM1426148_treat	0	0.00232537532624712	0.209302187816183	0.306331785840146	0	0	0.00655416441348407	0.000894098741014732	0.0199914513327713	0	0	0.0717203275236407	0.02543861672689	0.0998245278815236	0.0234181407768825	0.107750667989847	0.000701306262183172	0	0.125747349369187	0	0	0
GSM1426149_treat	0	0.0538681233628145	0.370167852490977	0.110684798756361	0	0.0356135833828278	0	0.024140005490829	0	0	0	0.0271234495585182	0.0139746423935415	0.0695542598861151	0.0391540606091782	0.121783211348872	0	0.0142228490654593	0.119713163654506	0	0	0
GSM1426150_treat	0.21074688783344	0.174617459903673	0.136099489831478	0.0559883663631333	0	0.0356338390708844	0.00265892411489931	0.0695324998279139	0	0	0.0539651936617617	0	0	0.073409156428022	0.0216433789803593	0.0430220192072721	0	0.0518691270336622	0	0.0622377703513176	0	0.00857588739218217
GSM1426151_treat	0.0711771103058237	0.0906900288376764	0.292876395720315	0.182196656149555	0	0	0.0494839667252767	0.0533237058755535	0	0.00264450581120303	0.0293209697251977	0	0.008203193843724	0.00876326040715771	0.0329961786716746	0.0985391854618497	0	0.0314375905501901	0.0483472519148028	0	0	0
GSM1426152_treat	0.120899204137112	0.151000538638986	0.247678619253676	0.0642046193593963	0	0	0.0400764878685703	0.0726743408281442	0	0.0678731469547244	0	0	0	0.0661011562619983	0.0632249401361476	0.0738360663478629	0	0.0163427570802216	0	0.0160881231331601	0	0
GSM1426153_treat	0	0.0751203722298558	0.252506383148107	0.0847522286389135	0	0.0118552387150337	0.0655053952082708	0.00109680803351445	0	0	0.0308062128841432	0	0.00170367568018154	0.139454047934576	0.172340874311186	0.0885286962696207	0	0	0.0469519632270428	0.00424670463401741	0	0.0251313990855364
GSM1426154_treat	0.148484568897054	0.167584762593444	0.099923718828239	0.05287275017964	0.0471007297408504	0.0339154011999562	0.0429767515362551	0.0189140056676959	0	0.00504329888166223	0.0270259713610967	0	0	0.0787892705619856	0.0738678227713798	0.0705342382044719	0	0.0237631988374577	0.072296535423739	0	0	0.0369069753150725
GSM1426156_treat	0.0060139796728668	0.0556777063017852	0.217847404743124	0.0397995126097042	0	0.135584410098132	0	0	0.00725141869838869	0	0.0598636781012678	0	0.00793775065049791	0.0524601413081702	0.0528647776070712	0.064147369445858	0	0.0345912114921764	0	0.0648156124339129	0	0.201145026837044
GSM1426157_treat	0.00786741032397832	0.0335436451671882	0.321116078907931	0.109665236858593	0	0	0	0.0530066027753948	0	0	0	0.0486966328881788	0.0276623123257411	0.0591082458612675	0.0319998369452265	0.0772712419258516	0	0.0149100289183815	0.215152727102268	0	0	0
GSM1426158_treat	0	0.0421924930994134	0.0615802909578952	0.0212538116953681	0.0366623730942526	0	0.0806058566186082	0.00772168601416998	0	0	0.0452243151971501	0	0.0832684050702441	0.0485899271247597	0.0515738987235668	0.00436349362972465	0	0.115391721338311	0	0.195024007564907	0	0.206547719871629
GSM1426159_treat	0	0.14726400716972	0.339998968127765	0.112768309169238	0.0527237966904434	0	0.0459516683682314	0.00956183778872204	0	0	0.0310477676424851	0	0.00156682716512066	0.0240848772747709	0.0420109013538818	0.0731221777876078	0	0.0321014956130083	0.0798590885491286	0	0	0.00793827729987768
GSM1426160_treat	0.0386223398477414	0.107529891953897	0.196650053826083	0.0337505340260274	0.0217462332168859	0	0.0151718646688148	0.0409960418261361	0	0	0.031648965221577	0	0.00200592307828237	0.112117166800209	0.0357768296172963	0.0174109303411848	0	0.0673403051921856	0	0.162549006972061	0	0.116683913411619
GSM1426161_treat	0	0.00588917959179216	0.374760489450791	0.222012098030521	0	0	0	0	0	0	0.0077624151515392	0.00432419369191974	0.00376031961774199	0.151314804693643	0.0336680471365433	0.112385629384687	0	0.0331636402868927	0.0509591829639289	0	0	0
GSM1426162_treat	0.00798542154713436	0.0520072621323078	0.393985223248881	0.0387884861402825	0	0.0120178237447104	0	0.0384454484817692	0	0.000782819204806942	0.0218060684778069	0	0.00451430796592975	0.139230556752754	0.0787227130609793	0.0419564998788828	0	0.00406818820599119	0.0210267001917279	0.0525812407757887	0	0.0920812401902475
GSM1426163_treat	0	0.0387132362823133	0.501354903783226	0.0523595410117169	0.0159545001852227	0.0378191291709028	0	0	0	0.0394390899483347	0.00658951530843612	0	0	0.0943664301030714	0.022102800622878	0.0940118409243378	0	0.0246805562430715	0.0615462196909253	0	0	0.0110622367255636
GSM1426164_treat	0	0.0947731124985469	0.29059545985269	0.286742456165968	0	0.0540494019787971	0.00843596172197579	0.000401641459207048	0	0	0.059940587604638	0	0.0362548469148759	0	0	0.0891371586466871	0	0.0247984891973371	0.00837430831770999	0.0351176150997198	0.011378960541848	0
GSM1426167_treat	0	0.201431667986837	0.13666875306027	0.183458233280746	0	0	0	0.093848237568648	0	0.00688416464030758	0.0100775146199336	0	0.00978959378268959	0.00813162233328436	0.0466300040553876	0.141135027986145	0	0.0345074369138236	0.127437743771928	0	0	0
GSM1426168_treat	0.0533402320753793	0.126456180626908	0.293381349622562	0.182766585357982	0	0.00984813915198613	0	0.0574223144737306	0	0	0.049823476510789	0	0	0.0201624537452731	0.0138138979723844	0.10404116865876	0	0	0.0380378593248508	0.0433462257647519	0.00756011671464228	0
GSM1426174_treat	0.0163300183307509	0.112722117983989	0.270551772899006	0.117328579811695	0.0290807175697929	0.0334707120919925	0.0135362295735966	0.0948824405436907	0	0	0.0736246516863799	0	0	0	0	0.144722846441336	0	0.0338692317703572	0.00859311505684656	0.0355210914782324	0.0157664747623351	0
GSM1426175_treat	0	0.0265376841933452	0.291019451199311	0.230544046886697	0	0	0.00947022451376627	0.013118073562528	0.0100447167285277	0	0.0124010882086026	0	0.00947044180536536	0.0147601348684694	0	0.155626413919431	0	0.0145540814684029	0.203303197250559	0	0.00915044539499406	0
GSM1426176_treat	0	0.0395403358124427	0.290992374862992	0.124964059685148	0	0.0976207711782215	0.0051556027481524	0	0	0	0.00331333691298326	0	0	0	0	0.211436997690422	0	0.0106562081612262	0.216320312948412	0	0	0
GSM1426177_treat	0.0661382513369337	0.0360201824687984	0.282468849302966	0.160095601594645	0	0.0478463398362665	0	0.0204464534537019	0	0	0.026082310788135	0	0	0	0.00212334509054201	0.201293955324459	0	0.0240803718818155	0.133404338921737	0	0	0
GSM1426178_treat	0	0.0597251172711254	0.198210007701566	0.117792167340583	0	0.0990926774849324	0.0672492942499176	0	0.00645272513474326	0	0.0131017741661738	0	0.0180090959825465	0.0331237157871684	0.100610506537105	0.110518445048999	0	0	0.173874228040532	0	0.00224024525460746	0
GSM1426179_treat	0.0899192958220008	0.163748220787956	0.0948429724304628	0.235669951875898	0	0.0104680806514755	0	0.0412122347169744	0.0509371451325183	0	0.0119383818275999	0	0.00643369487706523	0.0729813562526212	0	0.102771731625557	0	0.0305702757850715	0.0885066582148001	0	0	0
GSM1426180_treat	0	0.089964542913857	0.264670679427554	0.15275842627134	0	0.0690888067648322	0.0125157740187739	0	0.0200311048323811	0	0.0462455406249973	0	0.00032779163641693	0.00550120305999803	0	0.198913579750493	0	0.0266393820461818	0.10088715011929	0	0.0124560185338842	0
GSM1426181_treat	0	0.0136725704211531	0.321491152161411	0.213032811682953	0	0.0187644805985991	0	0	0.0159950757876744	0	0	0.0104529787129502	0.0200807278969471	0	0.00987606691412725	0.204049873993322	0.00620281678291311	0.00411496185116343	0.126941459964689	0	0.0353250232320975	0
GSM1426182_treat	0	0.0571364302188179	0.244105888474639	0.228561012220286	0	0	0	0	0.00638548157211364	0	0	0.0142764180922916	0.0261731103938165	0.00935092604768273	0.0120097284936236	0.176933112765186	0	0	0.225067891721543	0	0	0
GSM1426183_treat	0	0.0701499220475948	0.238727629688531	0.20353067536221	0	0.0400038630605293	0.0274787333401522	0.0245915877856977	0	0	0.0237937452746659	0	0.00705132733456545	0	0	0.219371845447747	0	0.0191586870156352	0.065709641441963	0	0.0604323422007088	0
GSM1426184_treat	0.0213340593273253	0	0.328993206940389	0.376757224358079	0	0	0	0.0550826862020429	0.0366885383467044	0	0.0198149550619976	0	0.0155931936342989	0.0100478354407858	0	0.0637184901662836	0	0	0.044030773829863	0	0.0279390366922306	0
GSM1426186_treat	0	0.0185422766312574	0.396116711920773	0.158407971789372	0	0.0777073117325379	0.0172597761774345	0	0	0.00860434095759201	0	0	0.00248867721251366	0.0388353514301948	0.00752619336955691	0.131465840794708	0	0.00360734179310549	0.139438206190954	0	0	0
GSM2332119_treat	0.229234238286156	0.106575487892113	0.102515088739089	0.057119503110584	0	0.0346493616386002	0.0150443455898674	0.10172702720585	0	0	0.0579662916823906	0	0.00523788448482027	0.0962299775896455	0.0441520293168768	0.0882739241890032	0	0.0283838757892133	0	0.0328909644857908	0	0
GSM2332120_treat	0	0.0503644100161232	0.331180548171742	0.0574833353831995	0.0283875318252058	0	0.0149461655926027	0.00278215831553037	0	0	0.00761667968223131	0	0.0361557134507286	0.0825351309646238	0.0673367710144737	0.041117202017728	0	0.0612056895883157	0	0.116294910554617	0	0.102593753422878
GSM2332121_treat	0	0.0754476778504025	0.165753631759609	0.218414074683929	0	0	0.00453274109597839	0.0345202748640183	0	0	0.0354006707994764	0	0	0.092622955783257	0.105833104981802	0.116134240856314	0	0.0223247284697559	0.125851105300288	0	0	0.00316479355516983
GSM2332122_treat	0.0211625701067133	0.0149565140001616	0.330018011350711	0.151611577843064	0	0.0381715744026764	0	0.0587714399354921	0	0	0.0464999957573469	0	0.0188452544553791	0.10991217681081	0.0846687890218272	0.0700198710482131	0	0.0131350852205405	0.0422271400470648	0	0	0
GSM2332123_treat	0.117017459260017	0.0951880390631815	0.187503633448047	0.150409699655617	0.051251416331681	0	0.0277275921247457	0.0273031245402454	0	0	0.0595850652348418	0	0	0.141897894852102	0.0353404148136956	0.0344981768337209	0	0.0457316175878505	0.0148787505168204	0.0116671157374345	0	0
GSM2332124_treat	0.0631194074493792	0.0518430877713105	0.302305118648353	0.184204319527345	0	0.0485719389847813	0.012399434051154	0.0187325210339755	0	0	0.0312325221901266	0	0	0.0290463576379806	0.0365006682246763	0.0586039165001584	0	0.0307276049645546	0.0883614452797352	0.0261634709411412	0.000333816991566785	0.0178543698037614
GSM2332125_treat	0.0136417288249002	0.0399759246859872	0.306720565702594	0.132006812397162	0	0.249556670747941	0	0	0	0	0	0	0	0	0.0334416989476397	0.191961765517736	0	0	0.0233344076951529	0.00936042548088548	0	0
GSM2332126_treat	0.0497748312501684	0.115220492032626	0.288224217722378	0.0732435649382763	0	0.040970564761482	0	0.0481991157536501	0	0	0.00305676822939429	0.013852434505868	0	0.0625652008808021	0.0113236585314141	0.0826271565019052	0	0.0544956858152002	0.14367773639703	0	0.012768572679806	0
GSM2332127_treat	0	0	0.265840414524848	0.145595274201468	0	0.057745157482499	0.0141731327504104	0.0177144512699775	0	0	0	0.0433097160826198	0.0266250692967998	0.00668538128462428	0.0474666892241444	0.172898935203349	0	0.0424579282168912	0.0495592559470071	0.0181420950867482	0.0755931583352265	0.0161933410933865
GSM2332128_treat	0.160024537818185	0.138476240719731	0.07889586662302	0.0985984967914202	0	0	0.0418970390260557	0.055918242210407	0	0	0.024260227453576	0	0	0.0822944888305487	0.0625747385292534	0.0470056156042607	0	0.0454010232821713	0	0.0321054143524828	0	0.132548068758889
GSM2332129_treat	0	0.114879615120914	0.289284861957202	0.221076894868619	0	0.0379022976056144	0	0.0117339515757346	0	0	0.0321092628429371	0	0	0.0162467217907982	0.00571920158876743	0.142505189170663	0	0.0118941637789889	0.0923914819706051	0	0.0242563577291569	0
GSM2332130_treat	0.0574288069094031	0.0873475243860373	0.252899977390508	0.136339730262651	0	0.0539228077361947	0.0488452844223762	0	0	0	0.049349351602761	0	0.00161346634842784	0.109249066510652	0.0556280792397525	0.0362273140431761	0	0.0350715888929367	0.0713025538337009	0.00106768354773315	0	0.00370676487368969
GSM2332131_treat	0	0.0210807684899471	0.252824183719531	0.077889198942265	0	0.0878550493177142	0.0525748354416806	0	0	0	0.00453156232570167	0.0351486321520326	0	0.0972761156106359	0.0857431561144063	0.0845630901047349	0	0.00558982284980942	0.172765010803894	0	0	0.0221585741276477
GSM2332133_treat	0.0134306477898205	0.0912382258006236	0.342046419396362	0.11005477997918	0	0.0199383623395492	0.0411715835806491	0	0	0	0.0234094675369673	0	0	0.0633549113204	0.046969563145283	0.0826849456156773	0	0.036323455894694	0.110696107943582	0	0	0.0186815296572115
GSM2332134_treat	0.0274020318774191	0.00242165596407245	0.123097277766814	0.133738522487684	0	0.0728182429338342	0	0.0130175795461646	0	0	0.0479672320249993	0	0	0.185894971272355	0.0792854470668108	0.127920405928711	0	0.0051586165319067	0.0415636605187858	0.0975342671693603	0	0.0421800889110837
GSM2332135_treat	0.0462313679206783	0.0632162452129878	0.243337671311194	0.145362748609325	0	0	0.0292561304858136	0.0312609124481604	0.0177068127114198	0	0.0743756222446328	0	0	0.133243693018055	0.0352907784971222	0.0578855815892625	0	0.0349410703322079	0	0.0558674430475068	0	0.0320239225716347
GSM2332136_treat	0	0.0714596292137966	0.333006690035728	0.210043800990583	0	0.035506035770476	0.0292569658277995	0.0186890098436046	0	0	0.0138920690789076	0	0.0231374400619451	0.019575414669989	0.0176026086577883	0.103326494988093	0	0.0447708987816358	0.0555479950277113	0	0.0241849470519422	0
GSM2332137_treat	0.0203811996547057	0.106686213343216	0.362492982647084	0.100400537787789	0	0.109353564083284	0.0139326839080291	0	0.00114992250874382	0.00791011826825114	0.0148759554039651	0	0	0.0373336247387444	0.058865367350026	0.071990215422762	0	0.0199180563219319	0	0.0388829402932749	0	0.0358266182681931
GSM2332138_treat	0.100336701770606	0.0881760113658785	0.325829602431061	0.150807618619445	0	0	0	0.0239067678982032	0	0	0.0295667259160767	0	0.00461717004732889	0.0753554304002994	0.0810926309352877	0.0708431447158092	0	0.00023174909984901	0.0492364468001549	0	0	0
GSM2332139_treat	0	0.112321056466212	0.192134134825586	0.181878071066989	0	0.0549635217195204	0.0256928891876033	0.0385513988270879	0	0	0.0373545687709128	0	0.0148859130478267	0.0533128784403775	0.0662617414293328	0.101727433348976	0	0.0249272138205685	0	0.0310739471537807	0	0.0649152318952266
GSM2332140_treat	0.0842366076064025	0.148504942437537	0.00983870038164947	0.186092670351327	0	0.0181000016403686	0.010405358771335	0.0738562971235222	0	0.00231661584777581	0.049796127804484	0	0	0.0662799233514708	0.158976044808938	0.0681366337980426	0	0.0455641542635014	0.0631209935141538	0.00534106917103674	0	0.00943385912845552
GSM2332141_treat	0.0956022135357417	0.140023798053416	0.0928082016707836	0.277464770997226	0.0244469220842248	0.00548751616906622	0.060465147729325	0.0104018396829611	0	0	0	0	0.00684509883695918	0.00499097132704874	0.044347626270741	0.0680173606773531	0	0.0630844490138101	0.0690566668877932	0	0.0369574170635505	0
GSM2332142_treat	0.0279514845375583	0.0703517369816816	0.323877925959612	0.0577336029129955	0	0.100066505576839	0.0302704423589731	0.0223315383736678	0	0	0.0488124189348128	0	0.0521826880784926	0.0817711052630994	0.0416416613066681	0.0257964519141583	0	0.0304597211766093	0.0490746525877304	0.0287092228418004	0	0.0089688411953015
GSM2332143_treat	0	0.0570680340275883	0.292264427770894	0.153532692306655	0	0.0406129617892976	0	0.0128647310037028	0.0121276127012939	0	0.0650424090583569	0	0.0178642895151859	0.187791078534814	0.0767222564477219	0.0841095068444902	0	0	0	0	0	0
GSM2332144_treat	0.0491943277078478	0.171573059577824	0.023095496329588	0.0166535873216936	0.0225216787320901	0.0332150623384483	0.0830152230223462	0.0160931039064113	0	0	0.0320707889114412	0	0.0585409333675726	0.0577810967168707	0.131832263163037	0.0123632244156007	0	0.118320410270611	0	0.0192135860621781	0	0.154516158156439
GSM2332145_treat	0	0.0545064767948166	0.294177681926928	0.121949140836301	0.0126976191574731	0.0481487462107849	0	0	0	0	0.0310727604198353	0	0	0.0774570341680147	0.0371062832303049	0.0255991743187311	0	0.052120010695699	0.0892855757675895	0.00496626564608479	0	0.150913230827436
GSM2332146_treat	0	0.0795969115205963	0.2020337734986	0.310883173998661	0	0.0861846013025359	0	0	0	0	0	0	0.0299509375467236	0	0.018371366794908	0.210463666550093	0	0.00824861270831938	0.0513530128162375	0	0.00291394326332552	0
GSM2332147_treat	0	0.0642683770892807	0.306246812913902	0.0672738786196103	0	0.105603460260001	0.0357533912308955	0	0	0	0.0365517551383475	0	0	0.0686152868839926	0.0877561484688654	0.0796406105752876	0	0.0194541588506261	0	0.0591344997279378	0	0.0697016202412539
GSM2332148_treat	0	0.0328903421370427	0.351785337581431	0.107254245891881	0.0188409012110757	0	0.0575384613825313	0	0	0	0.0509214546381307	0	0.00494423187344665	0.0820950748421592	0.0541831327967958	0.0324327021378038	0	0.0227909034378349	0.117604530383706	0	0	0.0667186816861606
GSM2332150_treat	0	0.0530725263479327	0.283891741641104	0.209329046631878	0	0.0550223109066736	0.032189782782884	0.0143367128405082	0	0	0.00452207021211271	0	0.027910881164141	0.0231846295423886	0.0387935047448876	0.123623341913151	0	0.0260272941177182	0.0763453152184652	0	0.0317508419361555	0
GSM2332152_treat	0.0134051200516559	0.161224517135112	0.26453638794698	0.00887093352123779	0	0.0382742204686374	0.0479421191843556	0.0382073930086989	0	0	0.045042269949027	0	0	0.063436152660291	0.0165920585064203	0.0744646670396135	0	0.0457305792803323	0	0.0773718530325395	0	0.104901728215098
GSM2332153_treat	0.0171157327202037	0.0381250389659133	0.315137091593546	0.184676829826548	0	0.0428757716485242	0.0120133277542847	0	0	0	0.0395223785305322	0	0.00453203467126242	0.071525702347323	0.0703196072905575	0.105454876692113	0	0.0235399489376096	0.0602788159073905	0	0	0.0148828431141919
GSM2332154_treat	0.0171290730247045	0.0625601700277757	0.252734821393124	0.129658995793718	0	0.0706747314699983	0.018736140036665	0	0	0	0.0659092645991814	0	0	0.111278768773068	0.055585118199236	0.0671805348955684	0	0.0228061113539449	0.105977841022447	0.00620310174108555	0	0.0135653276694827
GSM2332155_treat	0	0.0578043253731312	0.38693035892594	0.109183917223893	0	0.0457604627640541	0.0033303597372377	0.00554642711588253	0	0	0.0363162378409677	0	0.0171875569923976	0.0923588670586012	0.0582126436400436	0.0476991504524762	0	0.0332965038887843	0.100819860149545	0	0	0.00555332883704553
GSM2332156_treat	0.0655871551410736	0.0962013081292136	0.264222064133435	0.130955641565974	0	0.00782468222209419	0.00296184027137971	0.0452493504194032	0	0	0.0500692162469923	0	0.00426219754962725	0.0532067025974605	0.0273023977621612	0.0995936475859568	0	0.0270071966727413	0.125556599702488	0	0	0
GSM2332157_treat	0.0702718783478862	0.168443028068663	0.16979610526526	0.0854960194955744	0	0.0379014810968001	0.00304645141214264	0.0590822467804769	0	0	0.0562615419592612	0	0.0108649700814996	0.126353063129986	0.0662371315928036	0	0	0.0614425797013784	0	0.0320754487486891	0	0.052728054319578
GSM2332158_treat	0.0557881913012541	0.06933627992627	0.237158997744865	0.0343294553266706	0.0373860330926433	0.0123827051440466	0	0.0189935597548521	0	0	0.0328544744618197	0	0	0.136124061385944	0.0365632141818774	0.0330338604221128	0	0.0416880653506562	0.00491090779719508	0.0812146822907678	0	0.168235511819026
GSM2332159_treat	0.112732326469865	0.0590435925446492	0.0855293087951773	0.0613140401898658	0.00446872594782534	0.0137960412382785	0.0531810420885261	0.0300734916566462	0.00903918693835492	0	0.132755930454976	0	0	0.150335963967298	0.18554102409133	0.0418947040072925	0	0.0298793769974025	0.0269650373461926	0	0	0.00345020726632047
GSM2332160_treat	0	0.0269814843268297	0.281287768574822	0.155748423489779	0	0	0	0.0187599706217082	0.0647602771495995	0	0.0303880613963335	0	0.000578553904013094	0.12156543600119	0.0261351137750814	0.113103978800394	0	0.0273103996721612	0.132834584946	0.000545947342089083	0	0
GSM2332161_treat	0.0233263300960668	0.149388941180598	0.251664501263269	0.106394338882944	0.0150044991482961	0	0.047067826685505	0.0153304048784566	0.00130953672440153	0	0.0394675772920845	0	0.00148084588360667	0.110180678114484	0.0792196082357966	0.0491440573877359	0	0.0324313615648462	0	0.0369543915154461	0	0.0416351011464635
GSM2332162_treat	0.00514740614925472	0.0627282062174231	0.261274925589886	0.088611494938804	0	0.0048394718235659	0.0667917741883838	0.0238920850502061	0	0	0	0	0.0451362947549129	0.073866847172456	0.18317254103748	0.0575705912971218	0	0.0193730765685838	0.0158909975594253	0	0	0.0917042876524968
GSM2332163_treat	0.111389115683906	0.14183076482586	0.263452991320128	0.0843350093310163	0.0309475694349236	0	0.0167422267720911	0.0699570655702309	0	0	0.0736638155418004	0	0.00369096607453154	0.0597144297002416	0.0298181952671168	0.0580072474844428	0	0.0200774955575349	0.0056375122055574	0.0307355952306184	0	0
GSM2332164_treat	0	0.12602054053142	0.245245329359465	0.147233224709917	0	0	0.0420563277712428	0.0366277118750332	0	0	0.0277262280904107	0	0.0386763209964376	0.049216485474794	0.0756058573380713	0.0603319959711815	0	0.049627914709626	0.0242285864894549	0	0	0.0774034766829461
GSM2332165_treat	0.147011434027583	0.0926033445030332	0.0624812704914366	0.114143296111126	0.0135925336745647	0	0.0424780807965852	0.0598393126022101	0	0	0.0842101902159794	0	0.00396133798658893	0.154382382243708	0.093245517040153	0.0410381198955331	0	0.0179539409217606	0.0206102186419094	0.0347557988771997	0	0.0176932219706287
GSM2332166_treat	0	0.0533809592226768	0.407087994621059	0.103954052769977	0	0.0198635011611609	0.0278727212897251	0.0150543966729188	0	0.0195236661295826	0	0	0.0136052485013832	0.095088434513066	0.0478550787238289	0.102789403894911	0	0.0226749893984226	0.0563809941112506	0	0.0133641891654016	0.00150436982463535
GSM2332167_treat	0.154821160998287	0.111568562779644	0.18796090253376	0.0657302591178477	0	0	0.0243894670164784	0.0931710080837388	0.0022006003798526	0.00707738557729143	0.0466856827029029	0	0	0.0879011856924587	0.0367480037870425	0.0420239357251921	0	0.0192864860251858	0.0903068792153069	0.0136081327070083	0	0.0165203476580026
GSM2332168_treat	0	0.0638810774902825	0.283593842732361	0.132293526821683	0	0.036882585877392	0.0490415734479055	0.0118430460736056	0	0	0.0896329283254374	0	0.00461837784604927	0.0866187777360195	0.067420512096393	0.0780444625787307	0	0.0306208466259279	0.0302112598430507	0.00301161610913754	0	0.0322855663960243
GSM2332169_treat	0	0.0439701822429197	0.13975829426334	0.19975735069333	0	0	0.0271453419653089	0.00786849470922151	0	0	0.0215229589522769	0	0.0235720496749664	0.0651107285366064	0.134916472401796	0.1739914159739	0	0.0236936519008243	0.0797312575455001	0	0.0169251240333206	0.0420366771066901
GSM2332170_treat	0.00395580601789427	0.039622141445406	0.389267395676375	0.101535907495091	0.00617159586001128	0	0	0.0762586144104114	0.0364164500093001	0	0.0428505853608521	0	0	0.0988913014427928	0.0210202445441496	0.0527973028120273	0	0.0252432713487381	0.0646609251611123	0.0155689619038952	0	0.0257394965119439
GSM2332171_treat	0	0.0393111502754192	0.260931555449403	0.0397954615178805	0.0517302832369194	0.0388977153532004	0.00101188075494497	0	0	0	0.0859528908801247	0	0.0439832516728175	0.191372242525211	0	0.0189744283231259	0	0.0321845749038596	0	0.0848975639331087	0	0.110957001173985
GSM2332174_treat	0.00840812871066441	0.0790032422428498	0.447416528758855	0.105189871346989	0.0153787426297292	0	0	0.028691952887911	0	0	0	0	0	0.0680827708591526	0.0520099270666658	0.0476772944211291	0	0.0116570856347273	0.0343691494043434	0.0639323461995736	0	0.0381829598374097
GSM2332175_treat	0.010499215131216	0.0874894455689181	0.177475881266187	0.0802930764859261	0.0122986459396997	0.0701972724587486	0.0334813690498928	0.00759138048921904	0	0	0.046374504534206	0	0.00824579220933285	0.0916765314430262	0.130093111005833	0.124904075268344	0	0.0347754246931138	0.0799164989926448	0	0	0.00468777546369209
GSM2332176_treat	0.0909323391845114	0.0318873885247285	0.294338053569646	0.212183218269542	0	0.0402612706045256	0.00530167987474511	0.0137609666091203	0.0044501724992971	0	0.033505993262144	0	0	0.0953551231590546	0.0598092659257422	0.0704179492205253	0	0.0166399258765607	0	0.0219967661925566	0	0.00915988722730078
GSM2332177_treat	0.0393744711954953	0.00944597784445353	0.309499295643431	0.149873623406452	0	0	0.0274805816656399	0.0566825920897204	0	0	0.0224680733420542	0	0.0330655914771027	0.0768219464974662	0.0757433943368221	0.0777765576125369	0	0.031742756850178	0.0900251380386481	0	0	0
GSM2332178_treat	0	0.1818659058333	0.161270682972127	0.164163840778633	0.0250656961612475	0	0	0.00658537578313402	0	0	0.0115970864671307	0	0.0120249394744455	0.0447862680499462	0.134383724025941	0.0982380223687496	0	0.0275152160988529	0.109657430432711	0	0	0.0228458115537823
GSM2332179_treat	0.0167028770747208	0.114048016039943	0.214680619236366	0.0972365059118348	0	0	0.00353022285885837	0.0839298218601668	0.000115905749715801	0	0.068704049880661	0	0	0.12241511692868	0.0988944832028021	0.0186551846388155	0	0.0435380154427149	0	0.0598978981080695	0	0.0576512830666521
GSM2332181_treat	0.153622377344206	0.0834061280074432	0.088012310531045	0.15195692365387	0	0	0.0201854558783317	0.131047508416644	0	0.000746004989160877	0.0599312370859204	0	0	0.0628121454818782	0.041833138769948	0.0680011188971639	0	0.0572392692625598	0.0812063816818295	0	0	0
GSM2332182_treat	0.0886060669634734	0.105957428249048	0.17692466475848	0.0791275745440953	0	0	0.0281360518269419	0.0862065342460738	0	0	0.0744900614474705	0	0	0.0992554353589441	0.0812111347647915	0.0377278095005244	0	0.0455448177779881	0.0416587424448048	0.0186411980302389	0	0.0365124800871251
GSM2332183_treat	0.0399726643833753	0.117628148071001	0.188664580982774	0.121392212644	0	0.0234517476279408	0.0422352610182553	0.0645244209867539	0	0	0.0571195652302048	0	0	0.0366316431073711	0.138691414488858	0.081051382470004	0.00429373456959753	0	0.0729701562065155	0	0	0.0113730682133496
GSM2332184_treat	0.0914480091229777	0.111412957206284	0.0690551987632888	0.0906253857038676	0	0.0248592448076422	0.0303736262471279	0.084323879790864	0	0	0.0847275407768785	0	0	0.043261505184242	0.0674789615055141	0.0814554773588186	0	0.0609614851700047	0.16001672836249	0	0	0
GSM2332185_treat	0.0964782646485111	0.0132916960830549	0.110951163637803	0.134340734387948	0	0	0.0146946063431773	0.0795736373404666	0	0.0361664454770085	0	0.00402628666192491	0.00386048762374429	0.110069521809607	0.179280713539525	0.0576571458150719	0	0.0350663692916437	0.0445945661886116	0.0345910656054023	0	0.0453572955464999
GSM2332186_treat	0.0138076400848278	0.0715984567869955	0.340744297963814	0.114298305157666	0	0.0238399700878295	0.0137078195531009	0.0318855934138185	0	0.0306409068076863	0.0105588070902779	0.00658652934104989	0.0553446138741957	0.053585860747064	0.0625183426954551	0.0968322218608844	0	0.0135640204621154	0	0.0373262922737476	0	0.0231603217994716
GSM2332187_treat	0.0935429634978359	0.088543032613231	0.163657139716531	0.141807303197895	0.0160737300846631	0	0.0423330998407615	0.0410200925878136	0	0	0.0399375714948852	0	0.014008100488478	0.0363492929575974	0.0715991118599115	0.0833665843501338	0	0.021508390998963	0.146253586311299	0	0	0
GSM2332188_treat	0	0.0833690732610697	0.382519646797036	0.159453118549463	0	0.0210345981815842	0.0116649718004825	0.01272864204203	0	0	0.0324381909290958	0.0106112054595022	0.0072603675057346	0.0749217215260328	0.0335397356004265	0.128953610884268	0	0.0140342974380254	0.0274708200252491	0	0	0
GSM2332189_treat	0	0.0609543902814568	0.191760275834656	0.0804391622205733	0	0.116875823857374	0.0654418837473656	0.0279375398603749	0	0	0	0.0135217686574377	0.0130111408152718	0.0333514904396957	0.14365234148143	0.052388819305584	0	0.0282809461398177	0	0.0881185996120992	0	0.0842658177468632
GSM2332190_treat	0.0100143686494654	0.0641244615925445	0.241124458141941	0.0895392423017686	0	0.0884502863678193	0	0.0911906651682958	0	0	0	0.0262008686545176	0.00439726654003875	0.0957783834752824	0.184861931291917	0.047406038763252	0	0	0.0569120290531586	0	0	0
GSM2332191_treat	0.0802148673913625	0.13914932173188	0.193044304542842	0.0802006782966829	0	0.00214516842119744	0.0171511967771819	0.131258207233514	0.00601165744036206	0	0.0725228831796879	0	0.00107806358614654	0.0651245668899696	0.0416829557370376	0.0508520245940178	0	0.0779614776770612	0	0.0416026265010568	0	0
GSM2332192_treat	0	0.0211342926112321	0.184899110754402	0.203505034784283	0	0	0	0	0.00804639639187789	0	0.0290679933459106	0	0.00688207876379251	0.0452321774019522	0.082069992279374	0.144024419544042	0	0.00406346037972614	0.271075043743407	0	0	0
GSM2332193_treat	0.0576098559702673	0.041037321352794	0.233897371622167	0.146106468341076	0	0.0384717108207262	0.0301514148376853	0.0114125768566834	0	0	0.0615492618805072	0	0	0.0899766771021861	0.126405695656441	0.0963310335366755	0	0.0156281266838308	0.0514224853389607	0	0	0
GSM2332194_treat	0.00104920303744638	0.0729316112952273	0.1012439595054	0.056300568932148	0	0.0959378416863201	0.0107241208782877	0	0.00148201914501392	0	0.068883731902578	0	0.0134397596670241	0.0291924422065115	0.0504908504737829	0.0620838186336004	0	0.0246225551490453	0	0.0859769526760966	0	0.325640564811518
GSM2332195_treat	0.0277661324554656	0.0887841749684619	0.181986886336023	0.123977706286344	0.0128912002931473	0	0.101884141693089	0.00871582354730485	0	0	0.102542065373639	0	0.0207815460384553	0.05367040445969	0.104426438374201	0.0989232509631658	0	0.0138045637874163	0.0204948022109813	0	0	0.0393508632126162
GSM2332196_treat	0	0.112856886416611	0.256686357603753	0.142505721100376	0	0.030536184429067	0.0260575885516496	0.0288960492109161	0	0.00638479409741032	0.0134855760743611	0	0	0	0.0419173833471693	0.140824176763397	0.00745435681487471	0.0374011837153852	0	0.039511342530434	0.0397293777826722	0.0757530215619234
GSM2332197_treat	0	0.0686248494244081	0.348066549855309	0.185394704101351	0	0.00766402778181473	0.026533847170551	0.0239882531857334	0	0	0.0161147084342615	0.00506768748331424	0.00925613992765187	0.0835888101137399	0.0256345573929778	0.114251643836164	0	0.0142183791111344	0.05386961303477	0	0.0177262291468188	0
GSM2332198_treat	0.0741420050904498	0.2491959934525	0.0249275524571522	0.136359140057425	0	0	0.0598141353609985	0.086322512446394	0	0	0.0289777372182686	0	0	0.0909463617684256	0.0777962764292775	0.0395145412521881	0	0.0503036834462407	0.0459086745999319	0	0	0.0357913864207488
GSM2332199_treat	0.0261353673970337	0.101105261069936	0.196794297318322	0.106406278945683	0	0.0216259108436199	0.0503428937666335	0.0202451417581387	0	0.0295159788108834	0.0404221601566816	0	0.00446725693664404	0.0652876069751765	0.12897365039174	0.1049292151407	0.0160373760226888	0	0.0595252790160294	0	0	0.0281863254500913
GSM2332200_treat	0.0793655768867625	0.0733873273402615	0.189868050354211	0.0479279315008274	0	0.163925608810523	0.0192295721535316	0.00701924766185977	0	0	0.0709092311138171	0	0	0.0946476065685412	0.0843429970804304	0.0562273094852392	0.00772025394145079	0.0305727606402988	0	0.0534704047019624	0	0.0213861217602834
GSM2332201_treat	0.0808294739227072	0.176413079580849	0.154607981842184	0.0209238959272634	0	0.0532250519828259	0	0.0446410000954293	0	0	0.0196034581055597	0	0	0.142905398256284	0.00947351959547736	0.0137994317722305	0.00154203478729434	0.026031159667475	0	0.132225351973924	0	0.123779162490495
GSM2332202_treat	0.0575723396421886	0.0358309002730724	0.297340867095714	0.160719497470837	0	0	0.014526467394141	0.0147451561924515	0	0	0.0348807969425132	0	0	0.0486162249623902	0.0625625263997668	0.0684795580141883	0	0.0319515154354625	0.0148568666112346	0.0865709409220654	0	0.0713463426439746
GSM2332203_treat	0.0325108144127021	0.0643938580361075	0.354862534165831	0.104665731238281	0	0.0515374054973794	0.0167774843359461	0.029243919572122	0	0	0.0537380846594604	0	0.0128581224808792	0.0626952474121456	0.0513788993559412	0.0828101863392205	0	0.0377014366851726	0.0448262758088117	0	0	0
GSM2332204_treat	0.0413858553293081	0.103361123592127	0.249791338057349	0.111934958735996	0.0657135872762143	0	0.0170641173182626	0.0374623054668933	0.0023679864891685	0	0.0835616439109514	0	0	0.148808583085822	0.0385224258902349	0.048683213175606	0	0.0254930022723431	0	0.0258498593997242	0	0
GSM2332205_treat	0.082506331580147	0.0386861729869864	0.086270534714442	0.184005638013426	0	0.0332992413006487	0.00137515161877339	0.0187361589892609	0	0	0.0252153994508414	0	0.016933782319154	0.135067958499056	0.145953543324837	0.0869125364049677	0	0.0219441144184553	0.0563163767888305	0	0	0.0667770595901741
